Fingerprint name: C9
Room name: C900
Date: 2017-04-29 12:05:18
---------------------
FERwlan (a4:0c:c3:91:68:82) [-88 -88 -88 -90 -90 -90 -90 -85 -85 -85 -85 -84 -84 -84 -84 ]
YouQ2 (a4:2b:b0:c7:14:51) [-86 -81 -81 -81 -74 -76 -82 -82 -72 -73 -70 -78 -77 -77 -81 -69 -69 -71 -71 -80 -80 -83 -75 -79 -81 -81 -81 -82 -82 -80 -76 -76 -76 -76 -91 -91 -91 -91 -79 -82 -82 -82 -89 -89 -89 -89 ]
eduroam (a8:b1:d4:6d:03:af) [-88 -88 -88 -88 -82 -82 -82 -82 -82 -82 -81 -81 -80 -85 -85 -85 -72 -72 -82 -82 -82 -78 -78 -78 -81 -78 ]
FERwlan (a8:b1:d4:9c:33:71) [-70 -66 -68 -64 -68 -68 -64 -64 -66 -66 -70 -73 -72 -72 -68 -72 -72 -65 -66 -70 -69 -69 -66 -70 -70 -71 -75 -76 -76 -76 -83 -79 -79 -83 -83 -84 -84 -80 -74 -78 -79 -82 -82 -82 -82 -82 -83 -83 -83 -85 -85 -85 -85 -85 -85 -85 ]
IPU (d4:ca:6d:cc:41:c7) [-79 -79 -79 -79 -78 -78 -78 -78 -94 -82 -82 -82 -85 -85 -79 -79 -79 -79 -86 -86 -86 -88 -88 -88 -88 -88 -88 ]
FERwlan (a8:b1:d4:6d:04:21) [-73 -73 -72 -68 -66 -66 -66 -66 -64 -68 -69 -66 -66 -73 -73 -70 -71 -71 -71 -67 -67 -71 -76 -74 -75 -75 -75 -73 -68 -71 -69 -69 -67 -67 -66 -66 -66 -66 -66 -74 -74 -74 -69 -63 -66 -62 -66 -64 -60 -65 -70 -63 -63 -65 -61 -66 -58 -58 -56 -57 -55 -56 -56 -57 -60 -54 -50 -62 -54 -59 -47 -47 -47 -47 -47 -54 -49 -49 -49 -48 -48 -48 -40 -43 -43 -44 -44 -44 -44 -53 -53 ]
FERwlan (a8:b1:d4:c5:15:1e) [-84 -84 -85 -85 -86 -86 -86 -86 ]
FERwlan (a8:b1:d4:c5:15:11) [-88 -88 -88 -88 -88 -88 -88 -82 -82 -82 -89 -89 -89 -89 -83 -83 -79 -79 -79 -73 -73 -73 -73 -75 -75 -68 -68 -72 -69 -70 -70 -73 -65 -63 -75 -75 -66 -69 -81 -76 -75 -78 -75 -75 -81 -77 -77 -81 -84 -84 -84 -84 -84 -84 -84 -86 -86 -82 -82 -82 -86 -85 ]
otv2/1 (00:27:22:be:a0:d2) [-90 -90 -90 -90 ]
eduroam (a8:b1:d4:9c:ee:df) [-81 -77 -81 -81 -81 -80 -81 -81 -81 -81 -84 -84 -83 -83 -83 -83 -88 -88 -88 -88 ]
eduroam (dc:7b:94:35:2e:1f) [-79 -73 -67 -68 -72 -68 -65 -63 -66 -66 -74 -67 -67 -68 -71 -69 -69 -77 -73 -76 -73 -76 -74 -80 -74 -77 -75 -79 -76 -77 -72 -80 -78 -80 -80 -80 -77 -77 -81 -77 -77 -85 -81 -79 -79 -79 -79 -84 -84 -84 -87 -87 -87 -87 -87 ]
eduroam (a8:b1:d4:c5:15:10) [-86 -86 -86 -86 -89 -89 -89 -89 -83 -83 -83 -83 -79 -75 -83 -83 -76 -76 -68 -68 -72 -72 -68 -68 -72 -65 -62 -74 -74 -66 -70 -70 -73 -78 -79 -75 -75 -80 -76 -76 -80 -80 -80 -80 -80 -80 -80 -80 -80 -83 ]
FSBwireless (00:26:cb:6a:27:d0) [-95 -95 -95 -95 -93 -93 -93 -93 -94 -93 -93 -93 -94 -94 -94 -94 ]
eduroam (a8:b1:d4:c5:1f:9f) [-85 -79 -79 -81 -83 -86 -86 -86 -82 -81 -81 -81 -83 -83 -83 -83 -86 -86 -86 -80 -80 -84 -88 -86 -86 -86 -86 -81 -81 -81 -81 -87 -87 -87 -87 -87 -87 -87 ]
FERwlan (a8:b1:d4:6d:15:42) [-88 -86 -83 -83 -83 -82 -82 -82 -82 -82 -82 -81 -81 -84 -78 -79 -79 -75 -75 -75 -75 -83 -83 -83 -83 -87 ]
FERwlan (dc:7b:94:35:2b:01) [-82 -82 -82 -82 -77 -73 -73 -73 -77 -77 -77 -77 -77 -77 -78 -78 -78 -81 -82 -80 -79 -79 -75 -75 -75 -76 -76 -76 -72 -67 -67 -68 -73 -73 -74 -74 -72 -72 -68 -68 -65 -63 -63 -59 -58 -62 -70 -66 -58 -55 -54 -53 -58 -56 -57 -54 -56 -57 -53 -53 -50 -53 -63 -57 -58 -65 -63 -62 -61 -64 -64 -75 -63 -71 -71 -71 -71 -62 -64 -64 -63 -72 -66 -63 -75 -75 -75 -74 -67 -64 -79 -75 -72 -65 ]
FERwlan (a8:b1:d4:c5:13:9e) [-88 -88 -88 -88 -85 -85 -85 -85 -85 -85 -81 -81 -79 -77 -76 -77 -77 -69 -73 -69 -71 -74 -71 -71 -70 -77 -79 -79 -81 -81 -87 -84 -87 -85 -88 -88 -88 -88 -88 -88 -88 -88 -88 -87 -87 -87 -87 -87 -87 -87 ]
FERwlan (a8:b1:d4:9c:dc:a0) [-77 -77 -77 -78 -78 -78 -78 -78 -78 -77 -77 -77 -76 -81 -81 -73 -73 -73 -73 -88 -88 -88 -82 -82 -82 -86 -86 -86 -86 ]
FERwlan (a8:b1:d4:c5:1f:91) [-68 -69 -64 -63 -64 -67 -64 -64 -64 -64 ]
FERwlan (a8:b1:d4:6d:10:f1) [-89 -89 -86 -87 -87 -87 -87 -87 -87 -88 -88 -88 -80 -80 -78 -85 -79 -79 -83 -81 -77 -76 -82 -82 -82 -82 -82 -82 -79 -81 -77 -76 -74 -74 -65 -76 -72 -78 -78 -73 -73 -71 -78 -69 ]
RASIPwlan (a8:b1:d4:9c:fc:0c) [-77 -75 -72 -71 -73 -71 -71 -70 -66 -66 -73 -69 -70 -72 -72 -70 -67 -70 -70 -74 -69 -69 -71 -71 -70 -70 -63 -67 -66 -68 -67 -72 -67 -63 -67 -60 -62 -62 -66 -64 -64 -66 -66 -59 -57 -54 -54 -53 -50 -50 -46 -50 -44 -49 -42 -54 -50 -57 -52 -52 -55 -51 -59 -60 -61 -53 -59 -59 -56 -64 -64 -70 -69 -65 -65 -65 -65 -70 -65 -68 -65 -69 -61 -69 -65 -75 -68 -69 -74 -70 -64 -70 -71 -70 ]
FERwlan (dc:7b:94:35:2e:11) [-68 -67 -67 -67 -67 -67 -67 -67 -67 -66 -66 -65 -65 -65 -65 -64 -63 -63 -64 -64 -62 -62 -62 -62 -62 -63 -64 -66 -66 -67 -66 -66 -67 -67 -67 -68 -68 -68 -68 -67 -67 -66 -66 -67 -67 -66 -67 -67 -67 -67 -67 -67 -68 -68 -69 -69 -69 -70 -72 -72 -72 -75 -75 -75 -75 -76 -76 -77 -77 -77 -77 -77 -78 -79 -79 -79 -79 -80 -80 -81 -81 -81 -81 -81 -81 -81 -81 -81 -81 -81 -81 -81 -81 -81 ]
FERwlan (dc:7b:94:a5:b3:6e) [-86 -86 -86 -86 -83 -84 -84 -84 -84 -84 -83 -79 -83 -83 -86 -86 -82 -85 -85 -84 -84 -84 -84 -84 -84 -84 ]
FERwlan (a8:b1:d4:9c:33:7e) [-72 -72 -78 -78 -78 -75 -75 -75 -75 -80 -80 -80 -80 -66 -66 -66 -80 -80 -80 -80 -87 -87 -87 -83 -85 -85 -85 -85 ]
FERwlan (a8:b1:d4:9c:33:b1) [-82 -83 -78 -78 -80 -84 -81 -78 -77 -81 -77 -84 -84 -83 -83 -80 -77 -83 -86 -81 -83 -84 -83 -83 -83 -83 -85 -85 -83 -83 -83 -83 -84 -84 -88 -88 -88 ]
ZZT-wlan (58:6d:8f:b9:8c:ab) [-92 -92 -92 -92 -92 -91 -91 -91 -91 -91 -91 -80 -85 -84 -92 -92 -89 -89 -85 -85 -85 -85 -85 -85 -85 -85 -85 ]
HP-Print-29-Officejet Pro 8600 (88:51:fb:22:4c:29) [-92 -92 -94 -94 -94 -94 -94 -94 -93 -93 -93 -93 -94 -94 -94 -94 -94 -94 -94 -94 -92 -91 -91 -91 -91 -93 -89 -87 -83 -86 -86 -82 -85 -93 -93 -93 -94 -89 -90 -89 -89 -88 -85 -91 -92 -86 -94 -84 -84 -81 -81 -76 -79 -81 -81 -79 -79 -72 -76 -84 -67 -63 -80 -75 -75 -77 -74 -70 -74 -74 -74 -74 -79 -80 -80 -87 -83 -75 -81 -81 -85 -87 -88 -85 -89 -85 -85 -88 -85 ]
eduroam (a8:b1:d4:6d:04:20) [-73 -73 -72 -68 -66 -66 -66 -66 -74 -66 -67 -68 -68 -68 -73 -73 -73 -69 -69 -69 -69 -70 -75 -75 -75 -75 -79 -72 -68 -71 -69 -69 -66 -66 -66 -66 -66 -65 -65 -74 -73 -73 -70 -62 -67 -63 -67 -64 -59 -65 -71 -63 -66 -66 -61 -67 -58 -58 -56 -57 -54 -56 -56 -58 -59 -54 -50 -62 -54 -59 -48 -48 -48 -48 -48 -51 -50 -49 -53 -48 -48 -48 -40 -43 -43 -44 -44 -45 -45 -53 -53 ]
RASIPwlan (a8:b1:d4:9c:33:73) [-69 -65 -68 -65 -72 -69 -65 -65 -65 -66 -66 -66 -73 -70 -69 -72 -72 -65 -66 -66 -68 -68 -66 -70 -70 -72 -69 -75 -75 -76 -76 -76 -76 -76 -76 -84 -84 -84 -75 -79 -79 -82 -82 -81 -81 -81 -82 -82 -82 -82 -82 -86 -86 -86 -86 ]
WPS-Dongle (00:12:5f:0a:74:1e) [-92 -92 -92 -92 ]
FERwlan (a8:b1:d4:6d:03:ae) [-88 -88 -88 -88 -85 -85 -85 -82 -82 -82 -82 -82 -82 -82 -82 -86 -86 -86 -75 -75 -82 -82 -82 -78 -78 -78 -81 -78 ]
MedicNet (00:25:9c:63:fd:b5) [-90 -83 -83 -83 -86 -85 -82 -82 -87 -87 -83 -85 -85 -85 -90 -90 -84 -84 -86 -86 -86 -86 -86 -86 -86 -90 -90 -90 -94 -94 -94 -94 -89 -89 -89 -89 ]
eduroam (a8:b1:d4:9c:33:b0) [-83 -83 -78 -78 -82 -82 -81 -79 -77 -81 -77 -82 -84 -83 -82 -80 -78 -83 -85 -81 -81 -81 -84 -84 -84 -85 -84 -84 -84 -84 -84 -84 -88 -88 -88 -84 -84 -84 -89 -89 -89 -89 ]
eduroam (a8:b1:d4:6d:15:40) [-85 -85 -85 -85 -83 -83 -83 -81 -81 -82 -82 -82 -81 -81 -81 -83 -82 -82 -82 -74 -74 -78 -78 -78 -82 -82 -82 -82 -86 ]
FERwlan (18:ef:63:34:2b:8e) [-87 -87 -87 -87 -87 -87 -87 -84 -84 -84 -84 -85 -85 -85 -85 ]
RASIPwlan (dc:7b:94:a5:b3:63) [-86 -86 -86 -86 -86 -83 -83 -81 -82 -83 -86 -86 -86 -86 -86 -86 -87 -87 -87 -86 -82 -86 -85 -85 -88 -85 -84 -88 -81 -86 -86 -83 -80 -83 -83 -83 -83 -82 -84 -83 -81 -82 -82 -82 -82 -67 -65 -76 -72 -66 -64 -61 -65 -66 -66 -75 -73 -73 -70 -72 -73 -73 -73 -73 -73 ]
FERwlan (a8:b1:d4:6d:03:a1) [-87 -85 -85 -85 -85 -80 -80 -87 -87 -87 -87 -80 -84 -83 -83 -83 -81 -78 -78 -79 -79 -79 -79 -79 -83 -78 -82 -80 -70 -78 -71 -74 -74 -73 -68 -76 -73 -73 -73 -73 -64 -72 -76 -72 -68 -66 -66 -66 -67 -73 -73 -74 -68 -68 -67 -72 -71 ]
eduroam (dc:7b:94:35:2e:10) [-60 -66 -63 -65 -60 -63 -64 -65 -65 -63 -61 -58 -60 -60 -65 -55 -58 -59 -61 -60 -61 -71 -64 -72 -67 -67 -65 -67 -63 -62 -62 -70 -68 -72 -78 -67 -67 -64 -67 -65 -66 -68 -68 -64 -65 -72 -64 -69 -74 -70 -74 -76 -67 -63 -67 -71 -78 -80 -74 -76 -74 -78 -84 -84 -79 -75 -83 -82 -82 -82 -84 -84 -79 -79 -79 -79 -79 -79 -80 -80 -74 -74 -77 -77 -77 -85 -85 -84 -84 -83 -83 -81 ]
ZZT-wlan (58:6d:8f:b9:8f:30) [-86 -86 -86 -86 -86 -86 -88 -86 -89 -89 -85 -81 -80 -82 -82 -82 -89 -86 -86 -86 -82 -87 -83 ]
RASIPwlan (a8:b1:d4:9c:fc:03) [-66 -65 -62 -59 -59 -59 -57 -56 -55 -55 -61 -59 -63 -64 -67 -65 -65 -66 -61 -62 -62 -60 -61 -64 -59 -59 -64 -62 -58 -58 -60 -57 -53 -59 -59 -58 -63 -58 -61 -53 -55 -54 -54 -49 -51 -43 -43 -52 -48 -46 -42 -40 -38 -37 -36 -40 -40 -50 -41 -41 -38 -39 -50 -58 -50 -48 -56 -56 -48 -56 -58 -56 -55 -61 -61 -61 -61 -61 -55 -66 -58 -60 -55 -55 -59 -64 -65 -72 -66 -63 -64 -64 -62 -58 ]
eduroam (a8:b1:d4:c5:1f:90) [-67 -68 -64 -64 -63 -67 -64 -64 -64 -64 ]
ESP_8C1233 (5e:cf:7f:8c:12:33) [-93 -93 -93 -93 -93 -91 -91 -91 -91 ]
FSBwirelessWEP (00:26:cb:6a:27:d1) [-92 -92 -92 -89 -89 -89 ]
eduroam (a8:b1:d4:9c:33:70) [-72 -66 -68 -64 -68 -68 -64 -64 -65 -66 -70 -70 -72 -72 -68 -72 -72 -64 -66 -69 -69 -70 -66 -68 -74 -72 -68 -75 -80 -77 -83 -79 -79 -79 -79 -80 -75 -79 -79 -79 -82 -82 -82 -82 -82 -88 -88 -88 -88 -88 -88 -88 ]
eduroam (dc:7b:94:a5:b3:6f) [-87 -87 -87 -87 -84 -84 -84 -84 -85 -84 -81 -78 -83 -83 -83 -83 -82 -82 -82 -84 -84 -84 -84 -84 -84 -84 ]
eduroam (a8:b1:d4:6d:65:a0) [-88 -88 -88 -88 -88 -88 -85 -85 -85 -85 -87 -87 -87 ]
Labust-WiFi-Mesh (02:ca:ff:ee:ba:be) [-87 -87 -87 -87 -90 -90 -90 -93 -83 -83 -83 -82 -82 -80 -80 -80 -80 -91 -88 -84 -83 -83 -84 -84 -81 -81 -76 -69 -74 -80 -80 -83 -85 -82 -82 -88 -88 -91 -93 -93 -93 -93 -89 -89 -89 -89 -89 -89 -89 -89 -84 -85 -85 -85 -85 -85 -95 -95 -95 -92 -92 -92 ]
FERwlan (a8:b1:d4:9c:fc:01) [-66 -65 -63 -59 -59 -59 -57 -56 -55 -55 -60 -59 -63 -63 -67 -65 -65 -66 -61 -63 -63 -61 -61 -63 -59 -59 -64 -62 -58 -58 -60 -57 -53 -59 -59 -58 -63 -58 -61 -53 -56 -54 -54 -49 -51 -43 -43 -51 -48 -46 -42 -40 -38 -37 -36 -40 -40 -50 -41 -41 -38 -39 -50 -58 -50 -47 -56 -55 -48 -57 -58 -56 -55 -61 -61 -61 -61 -61 -55 -66 -58 -59 -55 -55 -59 -64 -65 -72 -66 -64 -65 -64 -61 -58 ]
Labust-aPad-Brac (6a:72:51:68:76:aa) [-80 -80 -80 -81 -81 -81 -81 -81 -81 -88 -88 -88 -86 -86 -86 -86 -88 -80 -80 -78 -69 -73 -81 -80 -76 -76 -85 -85 -85 -80 -80 -80 -80 -80 -89 -90 -90 -90 -90 -90 -88 -88 -81 -81 -87 -87 -87 -87 ]
FERwlan (a8:b1:d4:c5:1f:9e) [-85 -78 -81 -82 -83 -86 -86 -86 -82 -81 -81 -81 -85 -85 -85 -85 -81 -81 -81 -79 -79 -83 -86 -86 -86 -81 -81 -81 -81 -86 -86 -86 -86 -87 -87 -87 -87 ]
eduroam (a8:b1:d4:9c:ee:d0) [-71 -73 -69 -65 -61 -62 -66 -65 -67 -67 -61 -67 -67 -67 -66 -66 -74 -74 -69 -65 -69 -65 -72 -70 -70 -73 -68 -72 -76 -76 -76 -76 -78 -74 -74 -74 -74 -74 -70 -70 -72 -69 -77 -77 -77 -77 -83 -83 -79 -87 -79 -82 -82 -82 -82 -82 -83 -83 -83 -83 -83 ]
FERwlan (a8:b1:d4:6d:04:2e) [-86 -86 -80 -77 -75 -75 -75 -79 -78 -75 -75 -83 -81 -79 -79 -83 -80 -81 -78 -82 -80 -79 -80 -79 -78 -80 -75 -80 -84 -81 -82 -82 -82 -85 -84 -84 -84 -86 -78 -83 -83 -81 -81 -75 -79 -76 -75 -81 -72 -81 -74 -81 -77 -74 -74 -72 -72 -72 -72 -71 -72 -69 -64 -76 -76 -67 -67 -67 -66 -62 -60 -60 -51 -61 -61 -61 -61 -52 -56 -53 -57 -56 -46 -44 -51 -48 -45 -53 -50 -49 -55 -57 -55 -48 ]
eduroam (a8:b1:d4:c5:13:9f) [-87 -87 -87 -87 -84 -84 -80 -80 -79 -77 -75 -77 -85 -70 -74 -69 -71 -73 -70 -70 -70 -78 -80 -79 -80 -80 -87 -84 -85 -85 -87 -87 -87 -87 -87 -87 -87 -87 -85 -86 -86 -86 -86 -89 -89 -89 ]
FSBwireless (00:0e:84:20:ab:10) [-95 -95 -95 -95 ]
FERwlan (a8:b1:d4:21:4f:b2) [-83 -81 -76 -78 -77 -77 -78 -78 -79 -79 -77 -77 -77 -77 -77 -79 -78 -81 -78 -81 -81 -81 -81 -81 -81 -80 -80 -82 -79 -79 -81 -81 -80 -80 -84 -81 -81 -81 -76 -74 -82 -84 -83 -83 -79 -83 -85 -82 -82 -82 -85 -85 -85 -85 -85 ]
RASIPwlan (a8:b1:d4:9c:ee:dc) [-81 -77 -77 -77 -77 -85 -85 -78 -81 -81 -81 -83 -83 -83 -83 -83 -85 -85 -85 -85 -84 -81 -85 -85 -86 -86 -86 -87 -87 -87 -87 ]
FERwlan (dc:7b:94:35:2e:1e) [-79 -73 -67 -69 -71 -67 -65 -63 -67 -67 -74 -67 -68 -68 -72 -68 -70 -76 -72 -76 -73 -76 -76 -80 -74 -77 -75 -79 -76 -78 -73 -81 -79 -80 -81 -81 -78 -83 -81 -77 -77 -77 -81 -81 -81 -81 -84 -84 -84 -84 -84 -84 -84 ]
Labust-aPad-Hvar (6a:72:51:68:77:3d) [-92 -92 -92 -92 -81 -77 -77 -77 -91 -91 -91 -90 -90 -92 -92 -92 -92 -92 -94 -94 -94 -94 -94 -94 -94 -94 ]
FERwlan (a8:b1:d4:9c:fc:0e) [-77 -75 -71 -71 -72 -71 -72 -68 -67 -67 -73 -69 -70 -71 -72 -70 -69 -70 -70 -74 -70 -68 -72 -71 -71 -71 -64 -67 -66 -68 -67 -72 -68 -63 -67 -61 -62 -62 -66 -64 -64 -66 -66 -59 -58 -54 -54 -54 -50 -50 -46 -50 -44 -49 -42 -54 -50 -57 -52 -52 -55 -51 -59 -60 -62 -54 -59 -59 -55 -64 -64 -69 -69 -66 -66 -66 -66 -70 -64 -68 -66 -69 -62 -70 -66 -76 -68 -69 -74 -70 -64 -70 -71 -71 ]
FERwlan (dc:7b:94:35:2b:0e) [-87 -87 -83 -79 -77 -80 -81 -81 -81 -81 -85 -85 -84 -85 -81 -85 -86 -86 -85 -83 -77 -77 -84 -74 -71 -79 -73 -76 -66 -69 -73 -69 -68 -72 -69 -76 -71 -68 -65 -66 -68 -73 -72 -73 -77 -73 -71 -77 -78 -82 -82 -80 -80 -80 -80 -80 -80 -80 -78 -78 -78 -78 -81 -81 -81 -81 -85 -85 -85 -85 -77 -77 -81 -83 ]
linksys (c8:d7:19:8b:f7:ec) [-52 -56 -57 -56 -52 -48 -49 -53 -59 -59 -60 -50 -57 -61 -71 -56 -52 -54 -47 -51 -49 -45 -52 -51 -48 -48 -52 -46 -52 -48 -57 -55 -59 -62 -62 -64 -63 -71 -59 -59 -62 -62 -69 -73 -74 -67 -62 -71 -67 -65 -76 -73 -70 -74 -78 -81 -82 -82 -76 -74 -76 -80 -86 -86 -81 -81 -81 -81 -78 -78 -78 -88 -89 -89 -89 -89 -89 -89 -89 -89 -86 -88 -79 -86 -86 -86 -86 -86 -90 -90 -90 -90 -88 -88 ]
eduroam (dc:7b:94:a5:b3:60) [-87 -87 -87 -87 -86 -86 -86 -82 -82 -83 -83 -83 -83 -83 -88 -86 -83 -86 -85 -85 -85 -85 -82 -87 -81 -85 -85 -83 -80 -82 -82 -82 -83 -82 -85 -85 -85 -85 -67 -65 -75 -74 -67 -64 -61 -65 -66 -66 -75 -73 -73 -70 -72 -73 -73 -73 -73 -73 ]
RASIPwlan (a8:b1:d4:9c:ee:d3) [-70 -73 -68 -64 -61 -62 -65 -64 -67 -68 -61 -67 -67 -67 -66 -66 -73 -75 -78 -69 -72 -66 -71 -70 -70 -73 -69 -74 -74 -70 -72 -76 -76 -73 -73 -73 -82 -82 -75 -70 -73 -73 -69 -77 -77 -77 -77 -76 -76 -77 -77 -79 -79 -77 -81 -81 -81 -81 -86 -82 -82 -82 ]
eduroam (18:ef:63:34:2b:8f) [-87 -87 -87 -87 -87 -87 -87 -87 -87 -87 -87 -84 -85 -86 -86 -86 -86 ]
eduroam (dc:7b:94:35:2b:00) [-75 -75 -77 -77 -77 -72 -74 -74 -77 -77 -77 -78 -78 -78 -78 -78 -78 -78 -84 -80 -79 -79 -77 -77 -77 -77 -75 -75 -73 -67 -67 -70 -74 -74 -74 -74 -70 -72 -68 -68 -65 -63 -63 -59 -58 -62 -67 -65 -57 -56 -54 -53 -57 -56 -56 -55 -55 -58 -54 -54 -50 -53 -64 -58 -58 -64 -63 -62 -61 -64 -64 -76 -64 -71 -71 -71 -71 -62 -64 -64 -63 -71 -66 -62 -74 -74 -75 -74 -67 -64 -80 -75 -72 -66 ]
eduroam (00:26:cb:6a:27:d2) [-93 -93 -93 -96 -96 -96 -96 -92 -92 -92 -92 ]
RASIPwlan (a8:b1:d4:6d:04:2c) [-86 -86 -81 -78 -74 -76 -76 -79 -78 -75 -75 -82 -81 -80 -80 -83 -80 -81 -78 -82 -80 -79 -80 -79 -78 -81 -75 -80 -84 -81 -82 -82 -82 -83 -83 -83 -83 -86 -77 -83 -83 -81 -81 -74 -76 -76 -74 -82 -72 -80 -75 -81 -77 -75 -75 -72 -72 -73 -73 -72 -72 -69 -65 -77 -77 -67 -67 -68 -66 -61 -60 -60 -52 -62 -62 -62 -62 -51 -56 -52 -58 -56 -45 -44 -51 -48 -45 -53 -50 -49 -55 -56 -55 -47 ]
CrvenaNaranca (00:26:91:fc:f6:b8) [-93 -93 -93 -93 ]
RASIPwlan (dc:7b:94:a5:b3:6c) [-87 -87 -87 -87 -84 -85 -85 -85 -85 -84 -82 -78 -83 -86 -86 -85 -82 -86 -85 -84 -84 -84 -84 -84 -84 -84 -88 -88 -88 ]
eduroam (a8:b1:d4:9c:fc:00) [-65 -65 -63 -59 -60 -59 -57 -56 -56 -55 -60 -59 -63 -63 -67 -65 -65 -65 -61 -63 -63 -61 -62 -64 -59 -59 -64 -62 -57 -57 -60 -57 -53 -59 -59 -57 -63 -58 -62 -54 -55 -54 -54 -49 -51 -43 -43 -52 -48 -46 -41 -40 -38 -37 -36 -40 -40 -50 -41 -41 -38 -39 -51 -59 -50 -48 -56 -55 -48 -56 -58 -57 -56 -61 -61 -61 -61 -61 -55 -66 -58 -59 -56 -56 -59 -64 -66 -72 -66 -64 -65 -64 -62 -58 ]
 (02:1d:0f:bb:8c:66) [-91 -91 -91 ]
TP-LINK_1450_5G (a4:2b:b0:c7:14:50) [-89 -89 -89 -89 -88 -88 -88 -87 -89 -89 -89 -89 -89 -90 -90 -90 -90 ]
FERwlan (dc:7b:94:a5:b3:61) [-86 -86 -86 -86 -86 -83 -81 -81 -81 -84 -84 -84 -85 -86 -86 -84 -84 -84 -84 -86 -83 -85 -85 -87 -87 -84 -84 -84 -80 -86 -86 -82 -81 -82 -82 -82 -83 -83 -84 -83 -83 -82 -82 -82 -82 -67 -65 -75 -73 -67 -64 -61 -66 -67 -66 -75 -73 -73 -70 -72 -73 -73 -73 -73 -73 ]
RASIPwlan (a8:b1:d4:9c:33:7c) [-73 -73 -73 -73 -81 -76 -77 -77 -76 -76 -76 -81 -81 -81 -81 -78 -76 -68 -68 -68 -81 -81 -81 -81 -83 -83 -83 -83 -83 -83 -83 -86 -86 -86 -86 -87 -87 -87 -87 ]
FERwlan (dc:7b:94:35:2e:51) [-79 -79 -83 -83 -82 -84 -84 -84 -83 -81 -78 -78 -78 -85 -85 -85 -83 -83 -83 -81 -81 -81 -81 -83 -83 -87 -86 -84 -83 -83 -83 -77 -77 -81 -75 -75 -79 -76 -81 -77 -79 -74 -74 -77 -76 -76 -78 -78 -74 -74 -75 -70 -67 -67 -72 -72 -65 -65 -68 -64 -60 -62 -64 -71 -59 -59 -59 -59 -55 -55 -59 -60 -62 -59 -52 -56 -63 -63 -63 ]
eduroam (a8:b1:d4:6d:04:2f) [-87 -87 -81 -77 -74 -76 -76 -79 -79 -79 -75 -75 -79 -79 -79 -83 -80 -80 -78 -82 -80 -79 -79 -79 -79 -80 -76 -80 -84 -81 -84 -84 -84 -84 -84 -84 -84 -85 -77 -84 -83 -81 -83 -74 -78 -76 -74 -81 -72 -80 -75 -81 -77 -74 -73 -72 -72 -72 -73 -70 -72 -69 -64 -75 -75 -68 -67 -68 -67 -61 -59 -59 -51 -61 -61 -61 -61 -52 -56 -53 -57 -56 -46 -44 -52 -48 -46 -54 -50 -49 -54 -57 -55 -48 ]
eduroam (a8:b1:d4:9c:3a:11) [-87 -83 -83 -83 -83 -79 -79 -79 -79 -79 -78 -80 -78 -78 -80 -78 -78 -78 -78 -78 -78 -79 -79 -84 -84 -84 -84 -84 -84 -85 -85 -85 -85 -86 -86 -86 -86 ]
Canyon (00:0e:2e:6e:dd:c6) [-94 -94 -94 -94 -94 -95 -95 ]
eduroam (a8:b1:d4:c5:15:1f) [-84 -84 -84 ]
eduroam (dc:7b:94:35:2e:50) [-81 -81 -82 -82 -83 -84 -84 -84 -83 -81 -78 -78 -78 -84 -84 -84 -82 -82 -82 -82 -82 -82 -82 -82 -83 -83 -83 -83 -84 -83 -86 -86 -78 -78 -82 -75 -75 -78 -75 -80 -77 -77 -74 -74 -77 -76 -76 -77 -77 -74 -72 -75 -71 -68 -68 -72 -73 -65 -65 -68 -65 -61 -61 -64 -72 -59 -59 -59 -59 -55 -55 -59 -59 -63 -60 -52 -56 -63 -63 -63 ]
FERwlan (a8:b1:d4:9c:ee:de) [-81 -77 -77 -81 -83 -83 -83 -86 -79 -77 -77 -79 -82 -82 -82 -82 -82 -83 -83 -83 -83 -85 -85 -87 -87 -84 -84 -84 ]
eduroam (a8:b1:d4:9c:33:7f) [-72 -72 -72 -76 -76 -76 -76 -77 -81 -81 -79 -76 -76 -68 -72 -80 -82 -82 -78 -78 -81 -81 -81 -81 -83 -83 -83 -84 -84 -84 -84 ]
RASIPwlan (18:ef:63:34:2b:83) [-82 -84 -84 -84 -83 -83 -79 -79 -82 -78 -79 -76 -76 -76 -76 -76 -77 -77 -81 -77 -78 -78 -78 -78 -77 -77 -80 -76 -79 -82 -82 -80 ]
eduroam (a8:b1:d4:9c:dc:a1) [-75 -75 -75 -75 -76 -76 -76 -76 -76 -83 -86 -86 -86 -82 -82 -82 -86 -82 -86 -86 -83 -84 -84 -84 -84 -89 -89 -89 ]
eduroam (18:ef:63:34:2b:80) [-84 -84 -84 -83 -83 -78 -79 -79 -76 -79 -76 -76 -76 -76 -76 -79 -77 -81 -81 -78 -78 -78 -82 -78 -78 -80 -76 -80 -82 -82 -80 ]
ZZT-LAB (00:30:4f:b4:1d:38) [-89 -89 -89 -89 -81 -77 -83 -87 -88 -88 -85 -86 -86 -86 ]
Labust-WiFi-Mesh-Gateway (6a:72:51:42:13:c3) [-77 -77 -77 -77 -83 -83 -82 -82 -78 -70 -70 -76 -76 -83 -83 -83 -83 -83 -93 -93 -93 -93 -93 -89 -89 -89 -89 -89 -89 -89 -95 -95 -95 -95 -94 -94 -94 -94 -94 ]
eduroam (dc:7b:94:35:2b:0f) [-86 -86 -86 -88 -88 -88 -88 -87 -87 -87 -87 -83 -79 -77 -80 -81 -83 -81 -84 -81 -85 -85 -86 -81 -84 -85 -86 -84 -82 -77 -77 -82 -74 -71 -78 -73 -77 -67 -70 -73 -70 -68 -72 -68 -75 -71 -68 -65 -65 -68 -73 -72 -72 -78 -73 -70 -74 -78 -82 -83 -79 -79 -79 -79 -79 -79 -79 -79 -79 -79 -79 -82 -82 -82 -82 -85 -85 -85 -77 -77 -79 -84 ]
eduroam (a8:b1:d4:6d:03:a0) [-80 -80 -80 -78 -78 -78 -81 -81 -82 -82 -82 -82 -81 -81 -81 -81 -81 -81 -85 -85 -85 -85 -76 -82 -80 -70 -78 -73 -74 -74 -73 -68 -76 -74 -74 -74 -74 -65 -71 -69 -69 -67 -65 -65 -65 -67 -73 -73 -74 -68 -68 -68 -70 -71 ]
eduroam (a4:0c:c3:91:68:80) [-89 -85 -85 -85 -85 ]
eduroam (a8:b1:d4:6d:10:f0) [-89 -89 -89 -89 -87 -87 -87 -80 -80 -78 -78 -78 -79 -83 -82 -78 -76 -76 -81 -81 -81 -81 -81 -80 -80 -80 -76 -74 -75 -65 -76 -73 -78 -78 -70 -73 -70 -77 -69 ]
FERwlan (a8:b1:d4:9c:3a:10) [-78 -78 -79 -77 -77 -77 -82 -82 -82 -78 -78 -78 -78 -78 -78 -83 -83 -83 -83 -86 -86 -86 -86 -85 -85 -85 -85 -85 -85 ]
eduroam (a8:b1:d4:21:4f:b0) [-83 -82 -76 -76 -77 -77 -78 -78 -79 -79 -76 -77 -77 -77 -77 -79 -78 -82 -79 -84 -84 -81 -81 -81 -84 -84 -80 -81 -79 -79 -79 -79 -79 -85 -81 -81 -81 -76 -74 -82 -82 -82 -82 -82 -85 -85 -82 -82 -82 -85 -85 -85 -85 ]
FERwlan (a8:b1:d4:6d:11:50) [-88 -88 -88 -82 -82 -84 -84 -81 -83 -83 -83 -83 -80 -84 -84 -84 -84 -84 -84 -84 -81 -81 -86 -82 -82 -82 -82 -82 ]
eduroam (a8:b1:d4:9c:33:bf) [-87 -87 -87 -88 -88 -88 -88 -88 -88 -88 -88 -88 -88 -88 ]
ZZT-LAB (00:30:4f:b4:1d:f0) [-74 -76 -76 -74 -68 -67 -62 -63 -75 -68 -68 -64 -67 -68 -68 -76 -76 -69 -73 -72 -76 -69 -70 -69 -72 -75 -74 -74 -78 -70 -79 -80 -83 -79 -79 -82 -82 -78 -82 -82 -85 -81 -80 -82 -82 -85 -81 -87 -87 -87 -87 -88 -88 -88 -92 -92 -92 -92 -93 -92 -92 -92 -90 -90 -90 -90 -94 -94 -94 -94 ]
ZZT-wlan (c4:a8:1d:88:7e:54) [-86 -86 -86 -86 -80 -80 -80 -80 -86 -86 -86 -86 -85 -85 -85 -90 -90 -90 ]
ZRK_12 (00:1d:0f:bb:8c:66) [-90 -90 -90 -90 ]
eduroam (dc:7b:94:35:2e:5f) [-87 -87 -87 -87 -84 -84 -84 -83 -84 -85 -79 -75 -68 -72 -70 -72 -72 -72 -72 -77 -76 -79 -81 -69 -69 -69 -70 -71 -67 -71 -71 -67 -72 -73 -74 -66 ]
eduroam (a8:b1:d4:9c:fc:0f) [-69 -69 -71 -70 -73 -74 -72 -69 -67 -67 -73 -68 -71 -71 -71 -70 -67 -70 -70 -74 -69 -67 -70 -70 -69 -70 -63 -66 -66 -67 -67 -72 -68 -63 -67 -60 -62 -62 -67 -64 -63 -66 -66 -59 -58 -54 -54 -53 -50 -50 -46 -51 -44 -50 -42 -54 -50 -57 -51 -51 -55 -51 -59 -61 -62 -53 -58 -59 -55 -64 -64 -69 -69 -65 -65 -65 -65 -70 -65 -68 -66 -69 -61 -70 -66 -77 -69 -70 -74 -70 -64 -70 -66 -70 ]
RASIPwlan (18:ef:63:34:2b:8c) [-87 -87 -87 -87 -87 -87 -87 -87 -87 -87 -87 -84 -84 -84 -84 -86 -86 -86 -86 ]
FERwlan (a8:b1:d4:6d:10:fe) [-87 ]
FERwlan (18:ef:63:34:2b:81) [-85 -82 -79 -82 -82 -78 -79 -79 -77 -80 -76 -76 -76 -76 -76 -77 -77 -81 -76 -78 -78 -78 -78 -80 -76 -79 -79 -82 -80 ]
RASIPwlan (a8:b1:d4:6d:04:23) [-72 -72 -70 -67 -67 -67 -67 -67 -74 -66 -67 -67 -66 -69 -73 -73 -70 -70 -70 -73 -73 -73 -73 -77 -75 -76 -75 -75 -72 -68 -71 -68 -68 -67 -67 -66 -67 -67 -66 -74 -75 -74 -74 -70 -63 -67 -63 -70 -65 -60 -66 -70 -62 -62 -65 -61 -67 -58 -58 -56 -57 -54 -56 -57 -57 -61 -54 -50 -61 -53 -59 -48 -48 -48 -48 -47 -51 -52 -49 -53 -48 -48 -48 -40 -43 -43 -44 -44 -45 -45 -53 -53 ]
FERwlan (a8:b1:d4:9c:33:be) [-87 -87 -87 -87 -89 -88 -87 -87 -87 -87 -87 -87 ]
mareng (54:b8:0a:09:0a:b8) [-89 -85 -85 -85 -89 -89 -89 -91 -91 -91 -91 -91 -91 -91 -91 -86 -86 -86 -86 ]
FERwlan (dc:7b:94:35:2e:5e) [-88 -88 -88 -88 -83 -83 -83 -82 -85 -85 -79 -75 -68 -72 -70 -73 -73 -73 -73 -77 -76 -79 -81 -69 -69 -69 -70 -71 -67 -68 -72 -67 -72 -73 -72 -67 ]
FERwlan (a8:b1:d4:9c:ee:d1) [-69 -73 -68 -64 -61 -62 -66 -65 -67 -67 -61 -67 -67 -67 -66 -66 -74 -74 -69 -66 -68 -65 -72 -70 -70 -72 -68 -74 -75 -70 -70 -74 -74 -74 -74 -80 -80 -80 -75 -70 -74 -73 -69 -76 -77 -77 -77 -76 -86 -79 -79 -79 -77 -77 -77 -77 -77 -78 -81 -81 -81 ]
eduroam (a8:b1:d4:6d:11:51) [-87 -87 -84 -84 -89 -89 -89 -82 -82 -85 -85 -82 -82 -82 -82 -82 -80 -83 -80 -85 -85 -83 -83 -83 -83 -83 -83 -83 -82 -82 -82 -82 ]


Fingerprint name: C9
Room name: C910
Date: 2017-04-29 12:11:00
---------------------
linksys (c8:d7:19:8b:f7:ec) [-81 -78 -80 -81 -85 -87 -87 -87 -83 -82 -85 -81 -85 -81 -81 -81 -81 -83 -83 -83 -85 -87 -80 -78 -80 -84 -84 -85 -77 -81 -81 -81 -81 -87 -83 -77 ]
IPU (d4:ca:6d:cc:41:c7) [-78 -78 -80 -80 -80 -80 -83 -83 -83 -83 -83 -80 -76 -76 -76 -76 -79 -79 -77 -77 -77 -77 -77 -77 -75 ]
FERwlan (a8:b1:d4:c5:15:1e) [-88 -84 -86 -86 -86 -86 -85 -85 -85 -85 -85 -85 -87 -87 -87 -87 ]
FERwlan (a8:b1:d4:c5:15:11) [-77 -75 -69 -74 -74 -78 -78 -78 -73 -73 -78 -74 -75 -72 -76 -82 -82 -82 -76 -70 -72 -72 -72 -72 -73 -78 -75 -78 -78 -80 -77 -77 -77 -76 -76 ]
eduroam (dc:7b:94:35:2b:00) [-62 -60 -63 -59 -61 -65 -65 -68 -60 -61 -72 -63 -65 -61 -63 -62 -66 -61 -65 -63 -58 -65 -58 -56 -60 -60 -62 -62 -60 -59 -63 -63 -60 -58 -58 -61 ]
BUG_24Ghz (e8:94:f6:d4:25:3f) [-91 -91 -91 -91 -93 -93 -93 -93 ]
otv2/1 (00:27:22:be:a0:d2) [-88 -88 -88 -88 -90 -90 -90 -90 -90 -90 -90 -90 -88 -88 -88 -88 -91 -91 -91 -91 -92 -92 -92 ]
eduroam (00:26:cb:6a:27:d2) [-88 -91 -91 -91 -91 -87 -87 -87 -87 -87 -91 -91 -91 -91 -91 -91 -91 -91 -91 -91 -89 -87 -87 -87 -87 -94 -94 -94 -86 ]
RASIPwlan (a8:b1:d4:6d:04:2c) [-88 -89 -89 -89 -89 -86 -85 -85 -85 -85 -89 -85 -85 -85 -85 -85 -85 -87 -87 -87 -87 -87 -87 -87 -87 -88 -88 -88 ]
CrvenaNaranca (00:26:91:fc:f6:b8) [-93 -93 -93 -93 -94 -94 -94 -94 -95 -95 -95 -95 ]
Lapislazuli (a4:b1:e9:4f:a6:fa) [-95 -95 -95 ]
RASIPwlan (dc:7b:94:a5:b3:6c) [-87 -88 -88 -88 -88 -88 -86 -86 -86 -86 -86 -84 -84 -85 -82 -82 -86 -86 -86 -86 -86 -86 -87 -87 -87 -86 -86 -86 -86 -88 -88 ]
eduroam (a8:b1:d4:c5:15:10) [-78 -75 -69 -74 -76 -79 -79 -78 -71 -72 -72 -72 -73 -72 -76 -76 -76 -76 -76 -69 -72 -75 -75 -75 -73 -72 -78 -75 -75 -75 -77 -79 -75 -75 -75 -76 ]
HP-Print-a7-Color LaserJet MFP (9c:d2:1e:54:a4:a7) [-86 -86 -86 -86 -86 ]
ALJHOME (78:8c:54:04:41:0c) [-95 -95 -95 -95 -95 ]
eduroam (a8:b1:d4:9c:fc:00) [-55 -55 -50 -45 -59 -60 -54 -54 -54 -50 -55 -54 -54 -52 -56 -60 -60 -59 -61 -59 -54 -56 -56 -56 -50 -56 -55 -55 -56 -56 -55 -51 -52 -57 -59 -55 ]
FSBwireless (00:26:cb:6a:27:d0) [-89 -90 -90 -90 -90 -87 -87 -87 -87 -87 -93 -93 -93 -93 -92 -91 -91 -92 -92 -90 -90 -89 -86 -86 -86 -86 -91 -91 -91 -91 -91 -85 ]
eduroam (dc:7b:94:35:34:70) [-84 -84 -84 -84 -84 -85 -85 -85 -85 -84 -86 -86 -86 -86 -86 ]
Tech_D0039747 (fc:52:8d:75:61:34) [-86 -86 -86 -86 -86 -95 -95 -95 -95 ]
FERwlan (a8:b1:d4:6d:15:42) [-87 -87 -87 -87 -87 -90 -90 -90 -90 -86 -86 -86 -87 -87 -87 -82 -82 -87 -86 -86 -86 -90 -90 -90 -90 -90 ]
FERwlan (dc:7b:94:35:2b:01) [-62 -60 -64 -60 -61 -65 -65 -68 -60 -61 -73 -63 -65 -61 -62 -62 -66 -61 -65 -63 -59 -65 -58 -55 -59 -60 -62 -62 -60 -59 -63 -63 -60 -58 -58 -61 ]
FERwlan (a8:b1:d4:c5:13:9e) [-82 -82 -82 -83 -83 -85 -82 -82 -82 -73 -73 -80 -80 -81 -86 -82 -81 -85 -85 -83 -83 -79 -80 -86 -82 -86 -80 -83 -80 -82 -83 -81 -79 -85 -80 -87 ]
 (02:1d:0f:bb:8c:66) [-87 -87 -87 -87 ]
eduroam (a8:b1:d4:6d:04:2f) [-87 -87 -86 -86 -86 -86 -86 -88 -84 -84 -84 -86 -85 -85 -85 -85 -85 -85 -86 -86 -86 -88 -88 -88 ]
EMCLAB (28:10:7b:8c:aa:24) [-93 -93 -93 -93 ]
FERwlan (dc:7b:94:35:2e:11) [-89 -89 -89 -89 -89 -89 -89 -88 -88 -88 -88 -86 -86 -86 -86 -90 -90 -90 -90 ]
RASIPwlan (a8:b1:d4:9c:fc:0c) [-68 -68 -64 -64 -68 -66 -66 -62 -66 -62 -68 -66 -64 -65 -63 -67 -63 -66 -65 -69 -64 -64 -64 -68 -68 -60 -61 -60 -67 -69 -65 -65 -56 -63 -62 -62 ]
FERwlan (dc:7b:94:a5:b3:6e) [-87 -89 -89 -89 -89 -87 -87 -87 -87 -87 -87 -83 -83 -85 -82 -82 -86 -86 -86 -86 -86 -86 -87 -87 -87 -87 -87 -87 -87 -89 -89 ]
eduroam (a8:b1:d4:9c:3a:11) [-84 -84 -84 -84 -84 -87 -87 -83 -80 -80 -80 -80 -85 -85 -85 -85 -85 -87 -87 -87 -86 -86 -86 ]
eduroam (a8:b1:d4:c5:15:1f) [-84 -84 -84 -84 ]
ZZT-wlan (58:6d:8f:b9:8c:ab) [-93 -93 -92 -92 -84 -87 -88 -88 -88 -88 -88 -88 -86 -87 -84 -84 -85 -90 -86 -86 -86 -86 -88 -88 -92 -85 -85 -87 ]
HP-Print-29-Officejet Pro 8600 (88:51:fb:22:4c:29) [-90 -86 -84 -86 -83 -83 -84 -89 -84 -83 -77 -84 -89 -82 -83 -82 -82 -87 -83 -85 -86 -84 -85 -82 -82 -88 -81 -82 -91 -89 -89 -85 -89 -82 -82 -82 ]
otv1/1 (00:27:22:be:a0:80) [-89 -89 -89 -89 ]
Labust-WiFi-Mesh (42:56:0e:5c:cc:67) [-90 -90 -90 -90 ]
WPS-Dongle (00:12:5f:0a:74:1e) [-93 -93 -93 -93 ]
B.net_08060 (00:1e:8c:f7:ea:aa) [-94 -94 -94 -94 -94 ]
eduroam (a8:b1:d4:6d:15:40) [-87 -87 -87 -82 -82 -82 -85 -85 -85 -85 ]
ZPUZZ (4c:5e:0c:0b:53:37) [-85 -85 -85 -85 ]
eduroam (a8:b1:d4:c5:13:90) [-66 -70 -68 -75 -67 -70 -67 -71 -64 -60 -57 -65 -72 -64 -64 -62 -64 -67 -73 -69 -64 -59 -56 -61 -65 -64 -62 -62 -65 -65 -66 -66 -64 -65 -67 -67 ]
FERwlan (a8:b1:d4:6d:03:a1) [-90 -90 -90 -90 ]
eduroam (dc:7b:94:35:2e:10) [-88 -88 -88 -88 -88 -88 -88 -88 -88 -88 -88 -89 -89 -89 -89 -89 -89 -89 -89 ]
Labust-WiFi-Mesh-Gateway (6a:72:51:42:13:c3) [-83 -78 -78 -86 -82 -83 -83 -76 -79 -79 -78 -87 -86 -89 -83 -83 -76 -80 -80 -80 -80 -80 -80 -82 -79 -76 -79 -83 -82 -78 -81 -80 -80 -80 -78 -78 ]
eduroam (dc:7b:94:35:2b:0f) [-76 -74 -76 -72 -78 -75 -72 -76 -76 -74 -74 -74 -82 -77 -77 -72 -80 -84 -81 -81 -81 -78 -76 -71 -76 -84 -74 -74 -76 -71 -70 -72 -72 -75 -73 -74 ]
RASIPwlan (a8:b1:d4:9c:fc:03) [-56 -55 -50 -45 -58 -60 -55 -55 -54 -50 -55 -54 -54 -52 -56 -60 -60 -59 -61 -59 -54 -56 -56 -55 -50 -56 -55 -55 -56 -56 -55 -51 -52 -56 -58 -54 ]
FSBwirelessWEP (00:26:cb:6a:27:d1) [-89 -89 -89 -89 -89 -86 -86 -86 -86 -90 -90 -90 -90 -90 -90 -90 -93 -93 -93 -93 -93 -93 -90 -90 -86 -93 -93 -93 -93 -91 -91 -91 -85 ]
Energetika_809 (58:6d:8f:c2:0b:f4) [-92 -92 ]
Labust-WiFi-Mesh-Gateway (6a:72:51:2e:8e:c1) [-88 -88 -88 -88 -88 ]
FERwlan (a8:b1:d4:c5:13:91) [-66 -69 -68 -75 -67 -70 -68 -72 -64 -60 -57 -65 -73 -64 -64 -62 -65 -67 -77 -70 -64 -60 -56 -62 -66 -64 -62 -62 -65 -65 -66 -66 -64 -65 -67 -67 ]
FERwlan (dc:7b:94:35:34:71) [-85 -85 -85 -85 -85 ]
FERwlan (a8:b1:d4:9c:3a:10) [-83 -83 -83 -83 -88 -88 -88 -88 -81 -81 -81 -81 -81 -86 -86 -86 -86 -86 -86 -86 -87 -85 -85 -85 -85 -85 ]
eduroam (dc:7b:94:a5:b3:6f) [-86 -89 -89 -89 -89 -87 -88 -88 -88 -88 -88 -82 -82 -85 -81 -81 -86 -86 -86 -86 -86 -86 -86 -86 -86 -85 -85 -85 -85 -87 -87 ]
dobrna (38:d8:2f:28:8c:fc) [-92 ]
Labust-WiFi-Mesh (02:ca:ff:ee:ba:be) [-88 -81 -79 -81 -87 -83 -80 -76 -79 -79 -77 -84 -85 -88 -79 -79 -79 -81 -80 -80 -79 -74 -77 -80 -80 -76 -77 -83 -82 -78 -80 -87 -87 -83 -76 -80 ]
FERwlan (a8:b1:d4:9c:fc:01) [-56 -56 -56 -56 -55 -55 -56 -56 -56 -56 -56 -56 -56 -56 -55 -56 -56 -56 -56 -56 -56 -56 -56 -56 -57 -57 -57 -57 -56 -56 -57 -57 -57 -57 -57 -57 ]
Labust-aPad-Brac (6a:72:51:68:76:aa) [-77 -77 -77 -77 -77 -84 -82 -75 -74 -82 -76 -76 -84 -84 -78 -78 -74 -74 -74 -74 -81 -72 -72 -76 -76 -80 -78 -84 -78 -76 -80 -75 -83 -81 -81 -81 ]
ZZT-LAB (00:30:4f:b4:1d:f0) [-94 -94 -94 -94 ]
FERwlan (a8:b1:d4:6d:04:2e) [-87 -87 -87 -86 -85 -85 -85 -85 -87 -84 -84 -84 -86 -84 -84 -87 -87 -87 -87 -87 -87 -87 -87 -87 -87 -87 ]
ZRK_12 (00:1d:0f:bb:8c:66) [-89 -89 -89 -89 ]
eduroam (a8:b1:d4:c5:13:9f) [-82 -83 -83 -83 -86 -86 -82 -82 -82 -73 -73 -79 -79 -80 -86 -82 -81 -85 -83 -83 -83 -79 -78 -85 -81 -81 -79 -83 -81 -81 -83 -80 -79 -83 -79 -86 ]
eduroam (a8:b1:d4:9c:fc:0f) [-67 -67 -64 -64 -68 -66 -66 -62 -66 -62 -67 -65 -64 -65 -64 -67 -63 -66 -65 -69 -64 -64 -63 -67 -67 -60 -60 -60 -67 -69 -65 -65 -56 -62 -62 -62 ]
Labust-aPad-Hvar (6a:72:51:68:77:3d) [-91 -89 -89 -89 -89 -89 -88 -89 -89 -81 -82 -85 -85 -85 -76 -79 -79 -84 -84 -84 -79 -75 -77 -80 -80 -80 -90 -87 -88 -88 -85 -88 -88 -88 -88 -88 ]
FERwlan (a8:b1:d4:9c:fc:0e) [-67 -67 -64 -64 -66 -66 -65 -62 -66 -62 -68 -66 -63 -65 -63 -67 -63 -66 -65 -69 -64 -64 -63 -68 -68 -61 -61 -60 -67 -69 -66 -66 -56 -63 -62 -62 ]
Goethe (58:6d:8f:74:dc:a9) [-88 -88 -88 -88 -88 ]
mareng (54:b8:0a:09:0a:b8) [-88 -88 -88 -88 -95 -95 -95 -95 -87 -87 -87 -87 ]
FERwlan (dc:7b:94:35:2b:0e) [-76 -73 -77 -72 -78 -75 -72 -76 -76 -74 -74 -74 -81 -77 -77 -72 -80 -83 -80 -80 -82 -78 -77 -71 -76 -84 -74 -74 -76 -71 -71 -72 -72 -74 -74 -74 ]


Fingerprint name: C9
Room name: C912a
Date: 2017-04-29 12:19:40
---------------------
linksys (c8:d7:19:8b:f7:ec) [-88 -88 ]
IPU (d4:ca:6d:cc:41:c7) [-88 -83 ]
LCC_Siget (e4:8d:8c:22:7f:d4) [-88 ]
FERwlan (a8:b1:d4:c5:15:11) [-75 -75 ]
eduroam (dc:7b:94:35:2b:00) [-65 -74 ]
RASIPwlan (a8:b1:d4:6d:04:2c) [-65 -75 ]
RASIPwlan (dc:7b:94:a5:b3:6c) [-86 -86 ]
eduroam (a8:b1:d4:c5:15:10) [-75 -75 ]
eduroam (a8:b1:d4:9c:fc:00) [-60 -71 ]
FSBwireless (00:26:cb:6a:27:d0) [-94 -94 ]
FERwlan (a8:b1:d4:6d:15:42) [-80 -80 ]
FERwlan (dc:7b:94:35:2b:01) [-73 -73 ]
FERwlan (a8:b1:d4:c5:13:9e) [-84 -84 ]
FERwlan (a8:b1:d4:c5:1f:91) [-80 -86 ]
FERwlan (dc:7b:94:35:2e:51) [-62 -74 ]
FERwlan (a8:b1:d4:6d:10:f1) [-81 -81 ]
eduroam (a8:b1:d4:6d:04:2f) [-65 -76 ]
RASIPwlan (a8:b1:d4:9c:fc:0c) [-60 -81 ]
eduroam (a8:b1:d4:9c:3a:11) [-83 -83 ]
FERwlan (dc:7b:94:a5:b3:6e) [-86 -86 ]
eduroam (dc:7b:94:35:2e:50) [-62 -74 ]
HP-Print-29-Officejet Pro 8600 (88:51:fb:22:4c:29) [-75 -75 ]
FERwlan (a8:b1:d4:6d:03:ae) [-83 ]
eduroam (a8:b1:d4:6d:15:40) [-80 -80 ]
eduroam (a8:b1:d4:c5:13:90) [-70 -78 ]
FERwlan (a8:b1:d4:6d:03:a1) [-80 -80 ]
ZZT-LAB (00:30:4f:b4:1d:38) [-86 ]
eduroam (dc:7b:94:35:2b:0f) [-80 -80 ]
Labust-WiFi-Mesh-Gateway (6a:72:51:42:13:c3) [-83 -83 ]
ZZT-wlan (58:6d:8f:b9:8f:30) [-87 -87 ]
eduroam (a8:b1:d4:c5:1f:90) [-81 -81 ]
RASIPwlan (a8:b1:d4:9c:fc:03) [-60 -70 ]
ESP_8C1233 (5e:cf:7f:8c:12:33) [-91 -91 ]
eduroam (a8:b1:d4:6d:03:a0) [-72 -72 ]
FERwlan (a8:b1:d4:c5:13:91) [-70 -79 ]
eduroam (a8:b1:d4:6d:10:f0) [-82 -82 ]
FERwlan (a8:b1:d4:9c:3a:10) [-85 -85 ]
eduroam (dc:7b:94:a5:b3:6f) [-86 -86 ]
Labust-WiFi-Mesh (02:ca:ff:ee:ba:be) [-86 -86 ]
FERwlan (a8:b1:d4:9c:fc:01) [-60 -70 ]
FERwlan (a8:b1:d4:6d:11:50) [-84 -84 ]
Labust-aPad-Brac (6a:72:51:68:76:aa) [-83 -83 ]
FERwlan (a8:b1:d4:6d:04:2e) [-65 -76 ]
eduroam (a8:b1:d4:c5:13:9f) [-84 -84 ]
eduroam (dc:7b:94:35:2e:5f) [-77 -77 ]
eduroam (a8:b1:d4:9c:fc:0f) [-60 -80 ]
Labust-aPad-Hvar (6a:72:51:68:77:3d) [-86 -86 ]
FERwlan (a8:b1:d4:9c:fc:0e) [-61 -82 ]
FERwlan (dc:7b:94:35:2b:0e) [-80 -80 ]
FERwlan (dc:7b:94:35:2e:5e) [-76 -76 ]
eduroam (a8:b1:d4:6d:11:51) [-83 -83 ]


Fingerprint name: C9
Room name: C906
Date: 2017-04-29 12:23:19
---------------------
KIRIN (94:05:b6:5b:de:28) [-89 -89 -89 -89 -89 ]
linksys (c8:d7:19:8b:f7:ec) [-49 -43 -43 -47 -58 -53 -49 -46 -55 -68 -51 -56 -41 -44 -54 -48 -38 -47 -47 -48 -41 -41 -53 -56 -48 -57 ]
YouQ2 (a4:2b:b0:c7:14:51) [-81 -81 -79 -79 -77 -75 -76 -83 -83 -78 -75 -81 -81 -77 -77 -85 -81 -78 -85 -77 -81 -82 -78 -78 -78 -76 ]
RASIPwlan (a8:b1:d4:9c:ee:d3) [-73 -76 -76 -76 -77 -77 -80 -80 ]
ZZT-wlan (c4:a8:1d:88:7e:56) [-90 -90 -90 -90 ]
FERwlan (a8:b1:d4:9c:33:71) [-78 -77 -80 -80 -73 -73 -80 -77 -77 -77 -82 -78 -78 -78 -78 -79 -80 -75 -78 -79 -71 -72 -78 -78 -80 -83 ]
IPU (d4:ca:6d:cc:41:c7) [-84 -84 -84 -84 -84 ]
eduroam (dc:7b:94:35:2b:00) [-83 -83 -83 -83 -83 -84 -84 -84 -84 -84 -84 -84 -84 -80 -86 -86 -86 -86 -77 -77 -77 ]
eduroam (dc:7b:94:35:76:10) [-87 -87 -87 -87 -87 ]
otv2/1 (00:27:22:be:a0:d2) [-89 -89 -89 -89 -89 ]
eduroam (00:26:cb:6a:27:d2) [-93 -93 -93 -93 ]
CrvenaNaranca (00:26:91:fc:f6:b8) [-89 -89 -89 -89 ]
eduroam (dc:7b:94:35:2e:1f) [-80 -80 -83 -83 -81 -85 -85 -85 -83 -85 -84 -84 -85 -85 -85 -86 -83 -84 -86 -83 -83 -83 -87 -81 -81 -81 ]
HP-Print-a7-Color LaserJet MFP (9c:d2:1e:54:a4:a7) [-87 -87 -87 -87 ]
ALJHOME (78:8c:54:04:41:0c) [-92 -92 -92 -86 -86 -86 -86 -86 -92 -92 -92 -92 ]
eduroam (a8:b1:d4:9c:fc:00) [-78 -76 -79 -77 -77 -81 -76 -81 -82 -78 -79 -79 -71 -75 -75 -71 -67 -73 -74 -71 -75 -74 -68 -66 -75 -73 ]
eduroam (a8:b1:d4:c5:1f:9f) [-86 -86 -86 -86 -86 -86 -86 -84 -84 -85 -85 -85 -85 -85 -87 -87 -87 -87 -87 -86 -86 -86 ]
FERwlan (dc:7b:94:35:2b:01) [-67 -67 -67 -69 -70 -70 -71 -74 -74 -74 -74 -74 -74 -74 -74 -74 -74 -76 -76 -76 -76 -76 -77 -78 -78 -78 ]
TP-LINK_1450_5G (a4:2b:b0:c7:14:50) [-89 -88 -85 -89 -89 -89 -89 -89 -89 -89 -89 -87 -87 ]
RASIPwlan (a8:b1:d4:9c:33:7c) [-85 -85 -86 -86 -86 -86 -86 -83 -83 -83 -83 -83 -83 -83 -82 -82 -84 -84 -84 -78 -77 -77 -77 -83 ]
FERwlan (a8:b1:d4:9c:dc:a0) [-85 -85 -85 -85 ]
FERwlan (a8:b1:d4:c5:1f:91) [-77 -81 -75 -75 -74 -74 -76 -68 -78 -78 -74 -76 -76 -75 -75 -75 -71 -76 -73 -72 -74 -74 -70 -75 -73 -76 ]
RASIPwlan (a8:b1:d4:9c:fc:0c) [-86 -86 -86 -82 -82 -82 -86 -86 -86 -86 -86 -88 -87 -88 -88 -86 -86 -84 -84 -84 -84 -84 -84 -86 -84 ]
FERwlan (a8:b1:d4:9c:33:7e) [-84 -84 -85 -85 -85 -87 -87 -83 -83 -82 -82 -82 -82 -82 -81 -83 -83 -83 -83 -78 -77 -77 -85 -85 ]
FERwlan (a8:b1:d4:9c:33:b1) [-85 -85 -85 -85 -88 -88 -88 -88 -88 -87 -87 -87 -87 ]
RASIPwlan (a8:b1:d4:9c:33:73) [-78 -77 -80 -80 -74 -74 -82 -78 -77 -77 -81 -77 -77 -77 -77 -78 -81 -75 -78 -79 -71 -72 -79 -79 -80 -82 ]
Crnacc (00:24:d1:79:59:50) [-83 -83 -83 -83 -83 ]
B.net_08060 (00:1e:8c:f7:ea:aa) [-83 -83 -83 -83 ]
eduroam (a8:b1:d4:9c:33:b0) [-85 -85 -85 -85 -88 -88 -88 -88 -88 -87 -87 -87 -87 ]
eduroam (a8:b1:d4:9c:33:7f) [-85 -85 -85 -85 -85 -86 -86 -85 -82 -83 -83 -83 -83 -83 -81 -79 -83 -82 -82 -78 -77 -77 -77 -85 ]
MedicNet (00:25:9c:63:fd:b5) [-87 -85 -85 -88 -87 -86 -86 -86 -86 -86 -87 -86 -88 -88 -88 -88 ]
eduroam (a8:b1:d4:9c:dc:a1) [-86 -86 -86 ]
eduroam (a8:b1:d4:c5:13:90) [-85 -85 -87 -86 -86 -86 -86 -86 -86 -86 -84 -84 -86 -84 -81 -84 -83 -85 -86 -83 ]
SiemensWLAN (c0:d0:44:68:aa:b8) [-89 -89 -89 -89 -89 -92 -92 -92 -92 ]
eduroam (a8:b1:d4:c5:1f:90) [-76 -81 -75 -75 -74 -74 -76 -69 -77 -77 -74 -75 -75 -75 -75 -75 -73 -76 -73 -73 -73 -73 -69 -75 -71 -75 ]
RASIPwlan (a8:b1:d4:9c:fc:03) [-79 -75 -78 -78 -78 -82 -77 -82 -82 -78 -79 -79 -71 -74 -74 -73 -69 -72 -74 -70 -75 -74 -69 -66 -75 -73 ]
ZyXEL (cc:7b:35:28:68:8b) [-93 -93 -93 -93 -93 ]
Vip_98277 (70:5a:9e:a8:fd:ef) [-91 -91 -91 -91 -91 ]
eduroam (a8:b1:d4:9c:33:70) [-78 -77 -80 -80 -73 -73 -81 -77 -77 -77 -82 -78 -78 -85 -85 -80 -80 -75 -78 -79 -71 -71 -79 -79 -79 -82 ]
ISKONOVAC-038661 (78:8c:54:03:86:62) [-92 -92 -92 -92 -92 ]
FERwlan (a8:b1:d4:c5:13:91) [-85 -85 -85 -85 -85 -85 -85 -85 -85 -85 -84 -80 -84 -84 -86 -86 -82 ]
Moja mreza2 (d4:76:ea:2e:8b:14) [-81 -81 -81 -81 -81 ]
LBJ11 (00:21:04:81:2c:50) [-87 -87 -87 -87 -87 -88 -88 -88 -88 ]
Labust-WiFi-Mesh (02:ca:ff:ee:ba:be) [-92 -92 -92 -92 -92 ]
FERwlan (a8:b1:d4:9c:fc:01) [-78 -75 -79 -78 -78 -82 -77 -82 -82 -78 -78 -79 -71 -75 -75 -73 -69 -73 -74 -70 -74 -74 -68 -66 -75 -73 ]
ZRK_12 (00:0c:42:3a:2d:00) [-94 -94 -94 ]
FERwlan (a8:b1:d4:c5:1f:9e) [-87 -85 -85 -85 -85 -84 -84 -85 -85 -85 -85 -85 -86 -87 -87 -87 -87 -86 -86 -86 ]
eduroam (a8:b1:d4:9c:ee:d0) [-82 -74 -76 -76 -76 -76 -76 -80 -80 ]
ZZT-LAB (00:30:4f:b4:1d:f0) [-69 -69 -69 -75 -72 -72 -78 -78 -78 -78 -86 -82 -81 -82 -82 -78 -82 -78 -79 -70 -75 -73 -71 -67 -81 -79 ]
ZZT-wlan (c4:a8:1d:88:7e:54) [-84 -84 -84 -84 -84 -84 -84 -84 ]
 (00:16:9c:aa:e4:60) [-89 -89 -89 -89 ]
eduroam (a8:b1:d4:9c:fc:0f) [-86 -86 -86 -83 -83 -83 -86 -86 -86 -86 -86 -87 -87 -87 -86 -86 -84 -84 -84 -84 -84 -84 -84 -84 ]
vttsradica (1c:aa:07:5e:62:0f) [-87 -87 -87 -87 -87 -86 -86 -86 -86 ]
FERwlan (dc:7b:94:35:2e:1e) [-80 -80 -83 -83 -81 -84 -84 -84 -83 -84 -84 -83 -84 -84 -84 -87 -84 -84 -86 -84 -83 -83 -87 -82 -82 -82 ]
Vip WLAN_832AA0 (74:4a:a4:83:2a:a0) [-94 -94 -94 -94 -94 ]
Labust-aPad-Hvar (6a:72:51:68:77:3d) [-96 -96 -96 -96 ]
FERwlan (a8:b1:d4:9c:fc:0e) [-86 -86 -86 -83 -83 -83 -86 -86 -86 -86 -86 -89 -87 -87 -87 -87 -87 -84 -86 -86 -86 -86 -86 -86 -84 ]
Goethe (58:6d:8f:74:dc:a9) [-84 -84 -84 -84 -84 -94 -94 -94 -94 -94 ]
mareng (54:b8:0a:09:0a:b8) [-93 -93 -93 -93 ]
FERwlan (a8:b1:d4:9c:ee:d1) [-79 -82 -74 -76 -76 -76 -76 -76 -80 -80 ]
Brandy (b4:a5:ef:6c:19:25) [-91 -91 -91 -91 ]


Fingerprint name: C9
Room name: C918b
Date: 2017-04-29 12:27:53
---------------------
Garbin (00:24:d1:7e:2a:99) [-75 -75 -75 -75 -75 ]
cvelba2 (00:0c:42:6e:e4:e9) [-90 -90 -82 -82 -82 -82 -82 ]
eduroam (dc:7b:94:35:2b:00) [-82 -82 -82 -80 -77 -77 -77 -77 -77 -82 -78 -77 -80 -80 -80 -82 -81 -79 -79 -81 -79 -79 -81 -81 -84 -84 -84 -84 -78 -79 -77 -85 -81 -81 -81 -81 -84 ]
RASIPwlan (a8:b1:d4:6d:04:2c) [-84 -83 -83 -83 -86 -86 -86 -83 -83 -85 -86 -86 -86 -86 -88 -88 -88 -88 -88 -87 -87 -87 -87 -87 -80 ]
Vip_98029 (58:23:8c:83:3f:fd) [-91 -91 -91 -91 ]
eduroam (a8:b1:d4:9c:fc:00) [-74 -80 -80 -80 -75 -74 -75 -75 -79 -75 -77 -75 -77 -78 -75 -76 -75 -67 -73 -74 -70 -74 -79 -77 -75 -75 -75 -75 -78 -76 -72 -73 -76 -74 -78 -75 -73 -73 ]
VLADI 1 (d4:7b:b0:53:98:89) [-80 -80 -80 -87 -91 -91 -91 -91 ]
FERwlan (dc:7b:94:35:2b:01) [-82 -82 -87 -81 -77 -84 -80 -80 -82 -83 -79 -77 -80 -80 -80 -83 -81 -79 -79 -81 -79 -78 -82 -85 -84 -84 -84 -84 -80 -78 -78 -77 -84 -81 -81 -82 -82 -84 ]
 (02:1d:0f:bb:8c:66) [-92 -92 -92 -92 -92 ]
Sasa (e0:60:66:83:e5:d6) [-86 -86 -86 -86 -86 ]
ISKONOVAC-D8E0F8 (90:ef:68:d8:e0:f9) [-95 -95 -95 -95 -95 -88 -88 -88 -88 -88 -88 -91 -91 -87 -87 -90 -90 -90 -90 -91 -91 -91 -91 -89 -89 -89 ]
FERwlan (dc:7b:94:35:2e:51) [-86 -86 -86 -86 -86 -87 -87 -87 -87 -87 -87 -87 -87 -83 -83 -83 -83 -85 -85 -85 -85 -85 ]
eduroam (a8:b1:d4:6d:04:2f) [-86 -82 -83 -83 -86 -86 -86 -83 -83 -84 -84 -84 -84 -84 -84 -88 -88 -88 -88 -88 -80 ]
H2O (4c:5e:0c:41:bf:f3) [-93 -93 -93 -93 -93 ]
RASIPwlan (a8:b1:d4:9c:fc:0c) [-87 -87 -86 -86 -87 -86 -86 -86 -86 -86 -86 -86 -86 -86 -86 -86 -86 -86 -86 -85 -85 -85 -85 -85 -83 -83 -83 -84 -87 -87 -87 -87 -87 -87 ]
ANAZ (e0:60:66:83:dc:c6) [-91 -91 -91 -91 -89 -89 -89 -90 -90 -90 -90 -92 -92 -92 -92 -76 -78 -83 -86 -86 -86 -86 ]
Tech_D0040563 (70:5a:9e:ab:2c:ff) [-83 -83 -83 -83 -83 ]
eduroam (dc:7b:94:35:2e:50) [-87 -87 -87 -87 -86 -88 -88 -88 -88 -88 -88 -88 -88 -83 -83 -83 -83 -84 -84 -84 -84 -84 ]
B.net_98612 (88:f7:c7:9b:89:ab) [-90 -90 -85 -85 -85 -85 -85 -90 -90 -90 -90 ]
ZZT-wlan (58:6d:8f:b9:8c:ab) [-73 -79 -74 -78 -73 -83 -78 -79 -79 -75 -76 -68 -79 -86 -85 -78 -79 -81 -81 -71 -79 -79 -79 -78 -80 -81 -87 -87 -81 -86 -75 -69 -73 -77 -81 -75 -79 -70 ]
HP-Print-29-Officejet Pro 8600 (88:51:fb:22:4c:29) [-51 -56 -48 -49 -59 -59 -51 -59 -51 -51 -59 -45 -47 -57 -49 -50 -44 -50 -54 -51 -40 -38 -35 -43 -41 -55 -56 -51 -49 -61 -50 -54 -54 -56 -52 -58 -61 -49 ]
VANDA (a4:b1:e9:4e:99:de) [-80 -80 -80 -80 -80 -80 -80 ]
FS-wnet (00:1f:9f:a0:58:06) [-81 -81 -81 -81 -81 ]
dragicevic (70:9f:2d:98:fb:b1) [-86 -86 -86 -86 -86 ]
Nika1 (70:9f:2d:98:a5:fd) [-92 -92 -91 -91 -91 -91 ]
eduroam (a8:b1:d4:c5:13:90) [-87 -81 -81 -81 -83 -83 -83 -83 -83 -85 -83 -85 -82 -81 -79 -84 -84 -84 -78 -77 -81 -78 -82 -82 -83 -83 -83 -83 -76 -76 -84 -83 -83 -87 -87 -84 -84 -87 ]
AP6112_011_1 (06:90:e8:47:97:d5) [-92 -92 -92 -92 -92 ]
Labust-WiFi-Mesh-Gateway (6a:72:51:42:13:c3) [-66 -75 -76 -75 -79 -75 -67 -73 -74 -68 -74 -64 -61 -58 -74 -66 -62 -59 -60 -65 -65 -66 -74 -74 -74 -77 -77 -67 -75 -66 -67 -72 -75 -75 -63 -63 -65 -68 ]
ZZT-wlan (58:6d:8f:b9:8f:30) [-85 -85 -85 -84 -84 -86 -86 -85 -86 -89 -89 -89 -89 -89 -88 -88 -88 -87 -87 -87 -87 -87 -88 -88 -93 -93 -93 -88 ]
RASIPwlan (a8:b1:d4:9c:fc:03) [-75 -80 -82 -83 -75 -74 -75 -75 -79 -75 -77 -76 -77 -78 -75 -76 -75 -67 -73 -74 -72 -74 -78 -77 -75 -75 -75 -75 -75 -75 -73 -73 -77 -74 -76 -76 -73 -73 ]
Tech_D0049521 (70:5a:9e:ab:1b:87) [-90 -90 -90 -90 -90 -87 -87 -87 -87 ]
ESP_8C1233 (5e:cf:7f:8c:12:33) [-84 -78 -78 -78 -84 -84 -84 -88 -84 -84 -86 -86 -86 -86 -83 -86 -86 -86 -90 -90 -84 -84 -88 -88 -88 -88 -93 -89 -89 -85 -91 -86 -84 -84 -83 -91 ]
Vjeko (cc:7b:35:28:6e:12) [-74 -86 -86 -86 -86 -86 ]
Tech_D0042220 (18:a6:f7:a4:38:3a) [-94 -94 -94 -94 ]
Bnet Mreza (00:1a:92:bc:9c:00) [-92 -92 -92 -92 -87 -87 -87 -87 ]
FERwlan (a8:b1:d4:c5:13:91) [-84 -81 -82 -84 -83 -83 -83 -83 -83 -83 -86 -84 -80 -78 -83 -84 -84 -78 -77 -81 -77 -82 -82 -83 -82 -82 -82 -76 -79 -86 -84 -84 -88 -88 -85 -83 -83 ]
ISKONOVAC-80243C (e8:37:7a:80:24:3d) [-92 -92 -92 -92 -92 ]
Labust-WiFi-Mesh (02:ca:ff:ee:ba:be) [-67 -75 -83 -76 -80 -73 -68 -73 -77 -69 -81 -65 -64 -59 -75 -64 -63 -59 -60 -65 -76 -68 -71 -76 -79 -80 -78 -80 -72 -74 -62 -67 -81 -70 -64 -69 -69 -63 ]
FERwlan (a8:b1:d4:9c:fc:01) [-74 -74 -76 -76 -77 -77 -77 -77 -77 -77 -77 -77 -78 -78 -78 -78 -78 -78 -78 -78 -78 -78 -78 -78 -78 -78 -77 -77 -77 -77 -77 -78 -77 -77 -77 -77 -77 -77 ]
Labust-aPad-Brac (6a:72:51:68:76:aa) [-75 -76 -84 -76 -72 -69 -67 -81 -76 -78 -69 -65 -68 -68 -72 -63 -62 -66 -64 -66 -74 -66 -70 -70 -65 -77 -73 -67 -69 -73 -69 -72 -74 -66 -64 -64 -71 -65 ]
ISKONOVAC-CFC264 (1c:74:0d:cf:c2:64) [-90 -90 -90 -90 -90 ]
eduroam (b4:e9:b0:16:6e:44) [-88 -88 -88 -88 ]
FERwlan (a8:b1:d4:6d:04:2e) [-86 -83 -83 -83 -86 -86 -86 -83 -83 -86 -86 -86 -86 -86 -87 -87 -87 -87 -87 -87 -87 -87 -87 -87 -80 ]
PI-AP4 (98:fc:11:b2:dc:f1) [-92 -85 -86 -86 -86 -86 -86 ]
HPCM1415-0f5e98 (02:2d:4d:2c:7f:2b) [-88 -88 -88 -88 ]
ZRK_12 (00:1d:0f:bb:8c:66) [-81 -81 -81 -81 -90 -90 -90 -90 -90 -85 -85 -85 -85 -85 -85 -85 -85 -85 -85 -83 -83 -83 -83 -85 -90 -90 -90 -90 ]
ISKONOVAC-837CCC (e8:37:7a:83:7c:cd) [-87 -87 -87 -87 -87 ]
eduroam (a8:b1:d4:9c:fc:0f) [-85 -85 -85 -86 -86 -86 -87 -87 -86 -86 -86 -86 -85 -85 -85 -85 -85 -85 -85 -85 -85 -85 -85 -83 -83 -83 -83 -86 -86 -86 -86 -87 -87 ]
Labust-aPad-Hvar (6a:72:51:68:77:3d) [-81 -81 -84 -83 -83 -80 -85 -85 -85 -79 -82 -76 -76 -73 -80 -82 -73 -69 -69 -77 -83 -80 -77 -76 -79 -85 -85 -81 -77 -76 -76 -76 -78 -78 -76 -73 -74 -85 ]
FERwlan (a8:b1:d4:9c:fc:0e) [-90 -90 -87 -87 -87 -86 -86 -86 -87 -87 -87 -87 -87 -87 -85 -85 -86 -86 -86 -86 -86 -85 -85 -85 -85 -83 -83 -83 -83 -87 -87 -87 -87 -87 -87 ]
Gnjidolincic (00:21:e9:b8:ae:67) [-86 -86 -86 -86 -86 ]
1 Mario's Wi-Fi Network (0c:51:01:e7:83:66) [-83 -83 -82 -82 -82 -82 -82 ]


Fingerprint name: C9
Room name: C918a
Date: 2017-04-29 12:31:07
---------------------
cvelba2 (00:0c:42:6e:e4:e9) [-90 -90 ]
FERwlan (a8:b1:d4:6d:04:21) [-83 -83 -77 -81 -83 -83 -83 -83 -77 -74 -78 -78 -78 -81 -81 -81 -81 -81 ]
Liteshow4 DV6 (00:12:5f:10:88:f0) [-94 -94 -94 -94 -94 ]
eduroam (dc:7b:94:35:2b:00) [-86 -86 -86 -86 -86 -86 -86 -84 -84 -84 -84 -84 -88 -88 -88 -88 -86 -86 -87 -87 -87 -82 -82 -82 -85 -85 -86 -86 -89 -87 -85 -85 -87 -87 -87 -87 ]
RASIPwlan (a8:b1:d4:6d:04:2c) [-85 -85 -85 -86 -87 -87 -84 -79 -80 -80 -82 -85 -85 -81 -83 -84 -84 -86 -86 -82 -86 -82 -82 -81 -84 -84 -81 -85 -85 -82 -81 -81 -81 -81 -79 -81 -83 ]
Lapislazuli (a4:b1:e9:4f:a6:fa) [-93 -93 -93 -93 ]
eduroam (a8:b1:d4:9c:fc:00) [-81 -85 -77 -77 -81 -81 -86 -86 -79 -79 -81 -81 -81 -80 -80 -80 -76 -83 -77 -78 -78 -78 -75 -78 -78 -78 -78 -80 -84 -84 -77 -75 -76 -81 -81 -81 -81 ]
HP-Print-a6-LaserJet Pro MFP (9c:ad:97:1d:f5:a6) [-89 -89 -89 -89 ]
VLADI 1 (d4:7b:b0:53:98:89) [-90 -90 -90 -90 -93 -93 -93 -93 ]
FERwlan (dc:7b:94:35:2b:01) [-86 -86 -86 -86 -86 -86 -86 -90 -85 -85 -85 -84 -84 -84 -84 -84 -86 -86 -88 -88 -88 -82 -82 -82 -82 -82 -86 -86 -88 -86 -85 -85 -86 -86 -86 -86 ]
 (02:1d:0f:bb:8c:66) [-93 -93 -93 -93 ]
ISKONOVAC-D8E0F8 (90:ef:68:d8:e0:f9) [-96 -96 -96 -96 -91 -91 -91 -91 -91 -88 -89 -89 -89 -89 ]
FERwlan (dc:7b:94:35:2e:51) [-88 -88 -84 -89 -85 -84 -86 -82 -82 -81 -81 -81 -81 -81 -86 -86 -84 -84 -84 -84 -84 -85 -85 -85 -85 -85 -84 -84 -84 -83 -81 -81 -81 ]
eduroam (a8:b1:d4:6d:04:2f) [-85 -85 -85 -85 -85 -85 -85 -79 -80 -80 -83 -85 -85 -81 -83 -85 -85 -85 -85 -82 -85 -82 -81 -81 -83 -83 -81 -81 -81 -81 -80 -80 -80 -80 -79 -81 -83 ]
RASIPwlan (a8:b1:d4:9c:fc:0c) [-87 -87 -87 -87 -87 -87 -87 -87 -85 -85 -85 -85 -85 -87 -87 -87 -87 -87 ]
ANAZ (e0:60:66:83:dc:c6) [-89 -89 -89 -89 -91 -91 -91 -84 -84 -84 -84 -84 -91 -89 -89 -85 -85 -85 -85 -90 -90 -90 -90 -92 -87 -90 -91 -91 -91 ]
eduroam (dc:7b:94:35:2e:50) [-88 -88 -88 -88 -88 -84 -85 -81 -81 -80 -86 -85 -85 -85 -85 -85 -85 -83 -83 -84 -84 -84 -85 -85 -85 -85 -85 -85 -85 -85 -85 -85 -81 -81 ]
B.net_98612 (88:f7:c7:9b:89:ab) [-87 -85 -85 -85 -85 -85 -88 -86 -86 -86 -86 -86 ]
ZZT-wlan (58:6d:8f:b9:8c:ab) [-80 -84 -88 -88 -88 -88 -88 -87 -86 -82 -82 -82 -83 -83 -83 -82 -86 -86 -86 -82 -82 -89 -89 -86 -86 -91 -83 -91 -87 -89 -89 -89 -78 -80 -87 -85 -79 ]
HP-Print-29-Officejet Pro 8600 (88:51:fb:22:4c:29) [-72 -60 -59 -59 -66 -73 -72 -64 -64 -70 -61 -62 -55 -55 -59 -59 -58 -62 -63 -68 -66 -67 -64 -63 -59 -60 -61 -58 -58 -58 -54 -65 -58 -65 -64 -64 -60 ]
eduroam (a8:b1:d4:6d:04:20) [-82 -82 -78 -78 -82 -82 -82 -82 -77 -75 -79 -78 -78 -78 -78 -78 -78 ]
VANDA (a4:b1:e9:4e:99:de) [-92 -92 -92 -92 ]
Nika1 (70:9f:2d:98:a5:fd) [-90 -90 -90 -90 -90 ]
eduroam (a8:b1:d4:c5:13:90) [-88 -87 -87 -87 -87 -87 -87 -87 -87 -87 -88 -88 -88 -83 -84 -84 -84 -84 -84 -86 -86 -86 -86 -84 -84 -87 -87 -87 -87 -87 ]
FERwlan (a8:b1:d4:6d:03:a1) [-86 -86 -86 -86 -86 ]
ZZT-LAB (00:30:4f:b4:1d:38) [-90 -90 -90 -90 -90 -85 -85 -85 -85 -85 -85 -85 -85 -85 ]
Labust-WiFi-Mesh-Gateway (6a:72:51:42:13:c3) [-72 -68 -68 -68 -73 -74 -68 -78 -73 -77 -75 -77 -77 -79 -68 -68 -72 -73 -73 -77 -73 -75 -76 -66 -68 -71 -74 -72 -73 -74 -74 -76 -73 -73 -77 -70 -70 ]
ZZT-wlan (58:6d:8f:b9:8f:30) [-87 -82 -82 -85 -82 -88 -84 -84 -81 -79 -78 -83 -84 -85 -83 -79 -83 -88 -86 -82 -82 -86 -82 -81 -85 -81 -85 -84 -83 -81 -82 -83 -83 -87 -83 -80 -81 ]
RASIPwlan (a8:b1:d4:9c:fc:03) [-82 -86 -78 -79 -79 -79 -86 -86 -79 -79 -80 -84 -85 -81 -81 -77 -74 -82 -77 -78 -78 -78 -74 -78 -78 -78 -82 -80 -84 -84 -76 -76 -76 -82 -82 -82 -82 ]
ESP_8C1233 (5e:cf:7f:8c:12:33) [-81 -78 -81 -87 -75 -75 -75 -78 -85 -77 -79 -78 -82 -78 -80 -82 -79 -83 -84 -80 -83 -77 -85 -88 -76 -77 -86 -82 -81 -87 -80 -76 -76 -80 -78 -78 -78 ]
eduroam (a8:b1:d4:6d:03:a0) [-87 -87 -87 -87 ]
Tech_D0042220 (18:a6:f7:a4:38:3a) [-94 -94 -94 -94 -94 ]
Bnet Mreza (00:1a:92:bc:9c:00) [-93 -93 -93 ]
FERwlan (a8:b1:d4:c5:13:91) [-87 -87 -87 -87 -87 -87 -88 -88 -88 -88 -88 -82 -83 -83 -83 -83 -83 -86 -86 -84 -84 -86 -86 -88 -88 -88 -88 -88 ]
ISKONOVAC-80243C (e8:37:7a:80:24:3d) [-90 -90 -90 -90 -91 -91 -91 -91 ]
Labust-WiFi-Mesh (02:ca:ff:ee:ba:be) [-75 -66 -75 -67 -70 -74 -78 -74 -73 -77 -76 -75 -81 -87 -83 -73 -81 -77 -73 -78 -85 -78 -68 -65 -65 -70 -74 -76 -67 -72 -74 -76 -74 -83 -88 -72 -66 ]
FERwlan (a8:b1:d4:9c:fc:01) [-71 -71 -72 -72 -72 -74 -74 -74 -75 -75 -75 -75 -75 -75 -75 -75 -75 -75 -77 -77 -77 -78 -78 -79 -79 -79 -79 -79 -79 -79 -79 -79 -79 -79 -79 -79 -79 ]
Labust-aPad-Brac (6a:72:51:68:76:aa) [-76 -65 -65 -63 -73 -74 -77 -73 -75 -67 -75 -75 -69 -69 -77 -73 -71 -68 -73 -73 -77 -80 -71 -75 -70 -66 -66 -74 -68 -73 -69 -69 -74 -80 -68 -67 -66 ]
eduroam (b4:e9:b0:16:6e:44) [-89 -89 -89 -89 ]
FERwlan (a8:b1:d4:6d:04:2e) [-85 -85 -85 -86 -88 -87 -84 -79 -80 -80 -82 -84 -84 -82 -83 -85 -85 -87 -86 -83 -85 -81 -81 -81 -83 -83 -81 -85 -85 -81 -80 -80 -80 -80 -80 -82 -83 ]
ZRK_12 (00:1d:0f:bb:8c:66) [-88 -88 -88 -88 ]
Tech_D0061908 (fc:52:8d:75:6a:14) [-88 -88 -88 -88 -88 ]
eduroam (a8:b1:d4:9c:fc:0f) [-87 -87 -87 -87 -87 -87 -87 -87 -85 -85 -85 -85 -85 -85 -85 -85 -85 -85 ]
Labust-aPad-Hvar (6a:72:51:68:77:3d) [-93 -81 -77 -77 -80 -80 -83 -83 -82 -82 -85 -85 -85 -85 -82 -86 -83 -78 -78 -79 -83 -89 -86 -85 -77 -85 -81 -85 -85 -81 -82 -82 -88 -84 -85 -86 -80 ]
FERwlan (a8:b1:d4:9c:fc:0e) [-88 -88 -88 -86 -86 -86 -86 -86 -87 -87 -87 -87 -87 ]
RASIPwlan (a8:b1:d4:6d:04:23) [-83 -79 -76 -81 -83 -83 -83 -83 -77 -75 -79 -78 -78 -80 -80 -80 -80 -80 ]
1 Mario's Wi-Fi Network (0c:51:01:e7:83:66) [-92 -92 -89 -87 -87 -87 -87 -87 ]


Fingerprint name: C9
Room name: C902
Date: 2017-04-29 12:37:24
---------------------
linksys (c8:d7:19:8b:f7:ec) [-71 -75 -63 -67 -67 -67 -66 -67 -67 -66 -65 -64 -74 -74 -78 -68 -73 ]
YouQ2 (a4:2b:b0:c7:14:51) [-91 -91 -91 -91 -91 -90 -90 -90 -84 ]
Garbin (00:24:d1:7e:2a:99) [-85 -85 -85 ]
cvelba2 (00:0c:42:6e:e4:e9) [-83 -83 ]
RASIPwlan (a8:b1:d4:9c:ee:d3) [-83 -83 -84 -84 -84 -85 -85 -85 -86 -83 -83 -83 -83 -83 ]
FERwlan (a8:b1:d4:9c:33:71) [-59 -55 -54 -61 -52 -56 -52 -55 -57 -46 -50 -41 -41 -43 -50 -48 -46 ]
Lapislazuli (a4:b1:e9:4f:a6:fa) [-90 ]
eduroam (a8:b1:d4:9c:fc:00) [-86 -86 -86 -86 -86 -86 -86 ]
eduroam (a8:b1:d4:c5:1f:9f) [-86 -86 -88 -84 -84 -84 -84 ]
VLADI 1 (d4:7b:b0:53:98:89) [-94 -94 -94 ]
DRAGICA (88:f7:c7:9c:66:d5) [-87 -87 -90 -90 -90 -90 -90 -87 -87 -85 -85 -87 -87 -87 -87 ]
RIVADISKONT (6c:3b:6b:38:94:37) [-89 -89 -89 -89 -90 -90 -90 -90 -90 ]
ISKONOVAC-D8E0F8 (90:ef:68:d8:e0:f9) [-85 -85 -85 -84 -84 -84 -88 -88 -88 -89 -88 -88 -84 ]
RASIPwlan (a8:b1:d4:9c:33:7c) [-57 -57 -56 -56 -56 -55 -57 -52 -54 -56 -52 -45 -45 -49 -55 -44 -52 ]
FERwlan (a8:b1:d4:c5:1f:91) [-81 -81 -81 -81 -85 -81 -77 -73 -77 -81 -77 -69 -73 -69 -68 -64 -68 ]
HOTAT_WLAN (18:a6:f7:cc:bc:d6) [-89 -89 -89 -89 -89 -89 -89 -89 -88 -88 -88 -84 -88 -88 -88 ]
FERwlan (dc:7b:94:35:2e:11) [-75 -75 -75 -75 -75 -75 -75 -75 -75 -76 -76 -76 -76 -76 -76 -76 -76 ]
FERwlan (a8:b1:d4:9c:33:7e) [-57 -57 -55 -56 -56 -55 -57 -52 -55 -56 -53 -44 -44 -48 -55 -44 -52 ]
bubimir (2c:95:7f:11:d4:5c) [-91 -91 -91 -91 -91 ]
 (50:46:5d:01:aa:ca) [-87 -87 ]
HP-Print-29-Officejet Pro 8600 (88:51:fb:22:4c:29) [-89 -89 ]
B.net_98612 (88:f7:c7:9b:89:ab) [-89 -89 -89 ]
VANDA (a4:b1:e9:4e:99:de) [-91 -91 -91 -90 -90 -90 ]
RASIPwlan (a8:b1:d4:9c:33:73) [-58 -54 -53 -61 -53 -57 -52 -55 -58 -46 -50 -41 -41 -43 -50 -48 -46 ]
FS-wnet (00:1f:9f:a0:58:06) [-92 -92 ]
MedicNet (00:25:9c:63:fd:b5) [-93 -93 -93 -93 -93 ]
eduroam (a8:b1:d4:9c:33:7f) [-57 -57 -55 -55 -56 -56 -57 -52 -54 -57 -53 -44 -44 -48 -56 -44 -52 ]
Labust-WiFi-Mesh-Gateway (6a:72:51:42:13:c3) [-92 -92 -92 -92 -92 ]
eduroam (dc:7b:94:35:2e:10) [-78 -78 -80 -80 -80 -81 -77 -75 -74 -74 -78 -78 -75 -74 -76 -80 -79 ]
RASIPwlan (a8:b1:d4:9c:fc:03) [-86 -86 -85 -85 -85 -85 -85 -87 -87 ]
eduroam (a8:b1:d4:c5:1f:90) [-81 -80 -80 -80 -80 -80 -77 -73 -76 -80 -76 -69 -72 -69 -71 -65 -68 ]
HP-Print-66-LaserJet 1102 (1c:3e:84:07:c6:66) [-94 -94 -94 -94 -94 ]
Tech_D0049521 (70:5a:9e:ab:1b:87) [-86 -86 -86 -86 -86 -93 -93 -93 -93 -93 ]
 (52:46:5d:01:aa:cb) [-89 ]
TP-LINK_2BA750 (30:b5:c2:2b:a7:50) [-92 -92 -92 -92 -92 -92 -92 -92 -92 -92 ]
eduroam (a8:b1:d4:9c:33:70) [-58 -55 -54 -61 -53 -57 -53 -57 -59 -47 -51 -41 -41 -44 -50 -48 -46 ]
Mabelle_wifi (d4:ca:6d:1c:f7:79) [-94 -94 -94 -94 -94 -91 -91 -91 -91 -91 -92 -92 -92 ]
TOMASZ (c8:3a:35:5e:eb:88) [-91 -91 -91 -91 -91 -91 ]
ISKONOVAC-80243C (e8:37:7a:80:24:3d) [-86 -86 -86 ]
FERwlan (a8:b1:d4:9c:fc:01) [-90 -90 -90 -90 -86 -86 -86 -86 -86 -86 -86 ]
FERwlan (a8:b1:d4:c5:1f:9e) [-86 -86 -86 -86 -83 -83 -83 ]
ZRK_12 (00:0c:42:3a:2d:00) [-82 -81 -84 -84 -85 -85 -90 -86 -84 -80 -85 -89 -89 -86 -83 -83 -82 ]
eduroam (a8:b1:d4:9c:ee:d0) [-84 -84 -84 -84 -84 -84 -84 -88 -88 -88 ]
ZZT-LAB (00:30:4f:b4:1d:f0) [-72 -72 -62 -64 -62 -64 -72 -72 -60 -72 -64 -59 -59 -67 -66 -63 -70 ]
ZZT-wlan (c4:a8:1d:88:7e:54) [-74 -68 -71 -71 -71 -71 -78 -82 -82 -69 -69 -69 -69 -69 -67 ]
HPCM1415-0f5e98 (02:2d:4d:2c:7f:2b) [-90 -90 -90 -90 -90 ]
1jurcevic2 (78:96:82:22:6c:6e) [-90 -90 ]
Tech_D0061908 (fc:52:8d:75:6a:14) [-88 -88 -88 -88 -88 ]
ISKONOVAC-837CCC (e8:37:7a:83:7c:cd) [-91 -91 -91 ]
FERwlan (a8:b1:d4:9c:ee:d1) [-83 -83 -83 -83 -85 -85 -85 -85 -83 -83 -83 -83 -83 -83 ]


Fingerprint name: C9
Room name: C902a
Date: 2017-04-29 12:40:51
---------------------
linksys (c8:d7:19:8b:f7:ec) [-88 -84 -83 -87 -83 -80 -77 -78 -86 -84 -84 -80 -85 -86 -83 -83 -85 -86 -86 -88 -88 -88 -86 -88 -84 -84 -85 -85 -83 -85 -81 -88 -81 -86 -90 ]
YouQ2 (a4:2b:b0:c7:14:51) [-91 -91 -91 -91 -91 -91 -91 -91 -91 ]
FERwlan (a8:b1:d4:9c:33:71) [-52 -46 -46 -48 -44 -46 -42 -49 -57 -54 -56 -55 -55 -60 -60 -64 -60 -59 -59 -64 -63 -61 -54 -58 -59 -55 -55 -56 -56 -56 -51 -52 -48 -59 -58 ]
B.net_07960 (88:f7:c7:4e:23:35) [-92 -92 -92 -92 -92 -89 -89 -89 -89 -89 ]
IVAN (d4:76:ea:0d:b9:f6) [-92 -92 -88 -88 -88 -88 -88 -89 -89 -89 -89 -89 ]
eduroam (a8:b1:d4:c5:1f:9f) [-87 -87 -87 -87 -87 -88 -88 -88 -88 -88 -86 -86 -86 -86 ]
DRAGICA (88:f7:c7:9c:66:d5) [-89 -89 -89 -89 -89 ]
Megapopust (e4:8d:8c:28:f5:6f) [-93 -93 -93 -93 -93 ]
TNCAP520629 (c4:ea:1d:52:06:29) [-93 -93 -93 -93 -93 -91 -91 -91 -91 -91 -88 -88 -88 -92 -92 ]
RIVADISKONT (6c:3b:6b:38:94:37) [-89 -89 -89 -89 -89 -86 -86 -86 -86 -86 ]
ISKONOVAC-D8E0F8 (90:ef:68:d8:e0:f9) [-89 -91 -92 -92 -88 -84 -84 -84 -84 -84 -89 -89 -93 -89 -90 -91 -91 -88 -90 -90 -90 -90 -90 -87 -81 -84 -84 -88 -88 -88 -88 -89 ]
RASIPwlan (a8:b1:d4:9c:33:7c) [-57 -58 -64 -60 -52 -58 -52 -59 -66 -64 -65 -63 -63 -62 -61 -68 -63 -63 -67 -65 -63 -63 -63 -62 -63 -69 -66 -60 -69 -63 -59 -58 -63 -63 -58 ]
FERwlan (a8:b1:d4:c5:1f:91) [-76 -75 -74 -74 -74 -74 -68 -72 -72 -76 -76 -77 -78 -78 -82 -78 -76 -78 -78 -81 -76 -76 -76 -74 -78 -78 -78 -78 -78 -80 -76 -79 -75 -75 -75 ]
HOTAT_WLAN (18:a6:f7:cc:bc:d6) [-90 -90 -85 -86 -86 -86 -86 -90 -86 -86 -86 -88 -88 -88 -88 -88 -86 -86 -84 -87 -87 -87 -87 -89 -88 -88 -88 -88 -88 -87 -87 -87 -87 ]
FERwlan (dc:7b:94:35:2e:11) [-80 -80 -80 -80 -80 -80 -80 -80 -80 -80 -80 -80 -80 -80 -80 -80 -80 -80 -80 -80 -81 -81 -81 -81 -82 -82 -82 -82 -82 -82 -82 -82 -82 -82 -82 ]
FERwlan (a8:b1:d4:9c:33:7e) [-57 -58 -64 -60 -54 -58 -51 -59 -67 -65 -65 -62 -63 -63 -62 -68 -64 -62 -66 -66 -64 -64 -64 -63 -63 -70 -66 -60 -68 -64 -60 -58 -63 -63 -57 ]
RASIPwlan (a8:b1:d4:9c:33:73) [-52 -47 -45 -48 -44 -46 -42 -49 -57 -54 -56 -55 -55 -59 -60 -64 -60 -60 -60 -64 -63 -62 -55 -58 -59 -55 -56 -55 -56 -56 -50 -54 -48 -60 -58 ]
MedicNet (00:25:9c:63:fd:b5) [-91 -91 -87 -87 -87 -87 -87 -87 -87 -90 -90 -90 -90 -90 -89 -89 -89 -89 -89 -89 -89 -90 -90 -90 -90 -90 -86 -86 -88 -88 -88 ]
eduroam (a8:b1:d4:9c:33:7f) [-57 -58 -63 -59 -54 -58 -51 -59 -66 -64 -65 -62 -63 -62 -61 -67 -63 -63 -67 -66 -64 -64 -64 -62 -63 -69 -65 -60 -68 -64 -60 -58 -63 -63 -58 ]
eduroam (dc:7b:94:35:2e:10) [-80 -80 -80 -80 -76 -77 -77 -80 -80 -84 -83 -82 -80 -81 -81 -84 -81 -83 -83 -86 -85 -80 -87 -83 -80 -83 -83 -83 -83 -84 -83 -81 -80 -82 -82 ]
B.net_07933 (c4:27:95:c0:be:7a) [-90 -90 -90 -90 -90 -92 -92 -92 -92 -92 ]
eduroam (a8:b1:d4:c5:1f:90) [-76 -75 -73 -73 -74 -74 -68 -68 -68 -76 -76 -77 -78 -77 -81 -77 -76 -78 -78 -81 -76 -77 -77 -75 -78 -78 -78 -78 -78 -79 -75 -79 -75 -75 -75 ]
Tech_D0049521 (70:5a:9e:ab:1b:87) [-94 -94 -94 -94 -90 -90 -90 -90 -90 -90 ]
TP-LINK_2BA750 (30:b5:c2:2b:a7:50) [-84 -84 -84 -84 -84 ]
eduroam (a8:b1:d4:9c:33:70) [-52 -47 -45 -48 -44 -46 -42 -49 -57 -53 -56 -56 -54 -59 -61 -64 -61 -59 -59 -64 -63 -62 -55 -58 -59 -55 -56 -55 -56 -56 -51 -53 -49 -59 -58 ]
Thom_D012012 (00:18:9b:6c:a8:af) [-94 -94 -94 -94 -94 ]
TNCAPA094E9 (9c:97:26:a0:94:e9) [-92 -92 -92 -87 -89 -89 -89 -89 -89 -88 -88 -88 -87 -87 -87 -87 -87 ]
TOMASZ (c8:3a:35:5e:eb:88) [-92 -92 -92 -92 -92 ]
ZRK_12 (00:0c:42:3a:2d:00) [-87 -87 -87 -87 -87 -87 -91 -91 -91 -91 -91 -89 ]
FERwlan (a8:b1:d4:c5:1f:9e) [-88 -88 -88 -88 -88 -87 -87 -87 -87 -87 -86 -86 -86 -86 ]
ZZT-LAB (00:30:4f:b4:1d:f0) [-76 -74 -70 -72 -71 -65 -57 -65 -72 -74 -74 -74 -70 -67 -73 -79 -71 -74 -75 -75 -67 -67 -72 -79 -76 -76 -77 -77 -77 -76 -73 -74 -78 -74 -74 ]
Deletis (e4:8d:8c:37:67:c7) [-91 -91 -91 -91 -91 ]
ZZT-wlan (c4:a8:1d:88:7e:54) [-88 -88 -88 -88 -88 -82 -82 -86 -86 -86 -86 -86 -86 -86 -85 -89 -89 -89 -89 -89 ]
HPCM1415-0f5e98 (02:2d:4d:2c:7f:2b) [-89 -89 -89 -89 -89 ]
Katinka (fc:b4:e6:ad:a4:ee) [-92 -92 -92 -92 -92 ]